id,run_id,timeStep,numberPedsInformed-PID10,numberPedsAll-PID10,percentageInformed-PID10,numberPedsInformed-PID20,numberPedsAll-PID20,percentageInformed-PID20
0,0,0.0,0,102,0.0,0,412,0.0
0,0,0.4000000000000057,0,100,0.0,0,412,0.0
0,0,0.8000000000000114,0,99,0.0,0,412,0.0
0,0,1.2000000000000028,2,98,0.0204081632653061,83,412,0.2014563106796116
0,0,1.6000000000000083,2,96,0.0208333333333333,83,412,0.2014563106796116
0,0,2.0,66,95,0.6947368421052632,280,412,0.6796116504854369
0,0,2.4000000000000057,63,92,0.6847826086956522,280,412,0.6796116504854369
0,0,2.800000000000012,63,92,0.6847826086956522,280,411,0.681265206812652
0,0,3.200000000000003,88,88,1.0,380,411,0.924574209245742
0,0,3.6000000000000085,87,87,1.0,380,411,0.924574209245742
0,0,4.0,87,87,1.0,411,411,1.0
0,0,4.400000000000006,85,85,1.0,411,411,1.0
0,0,4.800000000000011,84,84,1.0,411,411,1.0
0,0,5.200000000000003,83,83,1.0,411,411,1.0
0,0,5.6000000000000085,82,82,1.0,411,411,1.0
0,0,6.0,79,79,1.0,411,411,1.0
0,0,6.400000000000006,78,78,1.0,411,411,1.0
0,0,6.800000000000011,78,78,1.0,411,411,1.0
0,0,7.200000000000003,77,77,1.0,411,411,1.0
0,0,7.600000000000008,75,75,1.0,411,411,1.0
0,0,8.0,73,73,1.0,411,411,1.0
1,0,0.0,0,102,0.0,0,412,0.0
1,0,0.4000000000000057,0,100,0.0,0,412,0.0
1,0,0.8000000000000114,0,99,0.0,0,412,0.0
1,0,1.2000000000000028,2,98,0.0204081632653061,83,412,0.2014563106796116
1,0,1.6000000000000083,2,96,0.0208333333333333,83,412,0.2014563106796116
1,0,2.0,66,95,0.6947368421052632,280,412,0.6796116504854369
1,0,2.4000000000000057,63,92,0.6847826086956522,280,412,0.6796116504854369
1,0,2.800000000000012,63,92,0.6847826086956522,280,411,0.681265206812652
1,0,3.200000000000003,88,88,1.0,380,411,0.924574209245742
1,0,3.6000000000000085,87,87,1.0,380,411,0.924574209245742
1,0,4.0,87,87,1.0,411,411,1.0
1,0,4.400000000000006,85,85,1.0,411,411,1.0
1,0,4.800000000000011,84,84,1.0,411,411,1.0
1,0,5.200000000000003,83,83,1.0,411,411,1.0
1,0,5.6000000000000085,82,82,1.0,411,411,1.0
1,0,6.0,79,79,1.0,411,411,1.0
1,0,6.400000000000006,78,78,1.0,411,411,1.0
1,0,6.800000000000011,78,78,1.0,411,411,1.0
1,0,7.200000000000003,77,77,1.0,411,411,1.0
1,0,7.600000000000008,75,75,1.0,411,411,1.0
1,0,8.0,73,73,1.0,411,411,1.0
2,0,0.0,0,102,0.0,0,412,0.0
2,0,0.4000000000000057,0,100,0.0,0,412,0.0
2,0,0.8000000000000114,0,99,0.0,0,412,0.0
2,0,1.2000000000000028,2,98,0.0204081632653061,83,412,0.2014563106796116
2,0,1.6000000000000083,2,96,0.0208333333333333,83,412,0.2014563106796116
2,0,2.0,66,95,0.6947368421052632,280,412,0.6796116504854369
2,0,2.4000000000000057,63,92,0.6847826086956522,280,412,0.6796116504854369
2,0,2.800000000000012,63,92,0.6847826086956522,280,411,0.681265206812652
2,0,3.200000000000003,88,88,1.0,380,411,0.924574209245742
2,0,3.6000000000000085,87,87,1.0,380,411,0.924574209245742
2,0,4.0,87,87,1.0,411,411,1.0
2,0,4.400000000000006,85,85,1.0,411,411,1.0
2,0,4.800000000000011,84,84,1.0,411,411,1.0
2,0,5.200000000000003,83,83,1.0,411,411,1.0
2,0,5.6000000000000085,82,82,1.0,411,411,1.0
2,0,6.0,79,79,1.0,411,411,1.0
2,0,6.400000000000006,78,78,1.0,411,411,1.0
2,0,6.800000000000011,78,78,1.0,411,411,1.0
2,0,7.200000000000003,77,77,1.0,411,411,1.0
2,0,7.600000000000008,75,75,1.0,411,411,1.0
2,0,8.0,73,73,1.0,411,411,1.0
3,0,0.0,0,102,0.0,0,412,0.0
3,0,0.4000000000000057,0,100,0.0,0,412,0.0
3,0,0.8000000000000114,0,99,0.0,0,412,0.0
3,0,1.2000000000000028,2,98,0.0204081632653061,83,412,0.2014563106796116
3,0,1.6000000000000083,2,96,0.0208333333333333,83,412,0.2014563106796116
3,0,2.0,2,95,0.0210526315789473,83,412,0.2014563106796116
3,0,2.4000000000000057,2,90,0.0222222222222222,83,412,0.2014563106796116
3,0,2.800000000000012,90,90,1.0,317,411,0.7712895377128953
3,0,3.200000000000003,85,85,1.0,317,411,0.7712895377128953
3,0,3.6000000000000085,84,84,1.0,317,411,0.7712895377128953
3,0,4.0,83,83,1.0,317,411,0.7712895377128953
3,0,4.400000000000006,82,82,1.0,317,411,0.7712895377128953
3,0,4.800000000000011,81,81,1.0,380,411,0.924574209245742
3,0,5.200000000000003,81,81,1.0,380,411,0.924574209245742
3,0,5.6000000000000085,79,79,1.0,380,411,0.924574209245742
3,0,6.0,76,76,1.0,380,411,0.924574209245742
3,0,6.400000000000006,76,76,1.0,411,411,1.0
3,0,6.800000000000011,76,76,1.0,411,411,1.0
3,0,7.200000000000003,75,75,1.0,411,411,1.0
3,0,7.600000000000008,74,74,1.0,411,411,1.0
3,0,8.0,73,73,1.0,411,411,1.0
3,0,8.400000000000006,72,72,1.0,411,411,1.0
3,0,8.800000000000011,72,72,1.0,411,411,1.0
3,0,9.200000000000005,71,71,1.0,410,410,1.0
3,0,9.600000000000009,70,70,1.0,410,410,1.0
3,0,10.0,68,68,1.0,410,410,1.0
3,0,10.400000000000006,67,67,1.0,410,410,1.0
4,0,0.0,0,102,0.0,0,412,0.0
4,0,0.4000000000000057,0,100,0.0,0,412,0.0
4,0,0.8000000000000114,0,99,0.0,0,412,0.0
4,0,1.2000000000000028,2,98,0.0204081632653061,83,412,0.2014563106796116
4,0,1.6000000000000083,2,96,0.0208333333333333,83,412,0.2014563106796116
4,0,2.0,2,95,0.0210526315789473,83,412,0.2014563106796116
4,0,2.4000000000000057,2,90,0.0222222222222222,83,412,0.2014563106796116
4,0,2.800000000000012,90,90,1.0,317,411,0.7712895377128953
4,0,3.200000000000003,85,85,1.0,317,411,0.7712895377128953
4,0,3.6000000000000085,84,84,1.0,317,411,0.7712895377128953
4,0,4.0,83,83,1.0,317,411,0.7712895377128953
4,0,4.400000000000006,82,82,1.0,317,411,0.7712895377128953
4,0,4.800000000000011,81,81,1.0,380,411,0.924574209245742
4,0,5.200000000000003,81,81,1.0,380,411,0.924574209245742
4,0,5.6000000000000085,79,79,1.0,380,411,0.924574209245742
4,0,6.0,76,76,1.0,380,411,0.924574209245742
4,0,6.400000000000006,76,76,1.0,411,411,1.0
4,0,6.800000000000011,76,76,1.0,411,411,1.0
4,0,7.200000000000003,75,75,1.0,411,411,1.0
4,0,7.600000000000008,74,74,1.0,411,411,1.0
4,0,8.0,73,73,1.0,411,411,1.0
4,0,8.400000000000006,72,72,1.0,411,411,1.0
4,0,8.800000000000011,72,72,1.0,411,411,1.0
4,0,9.200000000000005,71,71,1.0,410,410,1.0
4,0,9.600000000000009,70,70,1.0,410,410,1.0
4,0,10.0,68,68,1.0,410,410,1.0
4,0,10.400000000000006,67,67,1.0,410,410,1.0
5,0,0.0,0,102,0.0,0,412,0.0
5,0,0.4000000000000057,0,100,0.0,0,412,0.0
5,0,0.8000000000000114,0,99,0.0,0,412,0.0
5,0,1.2000000000000028,2,98,0.0204081632653061,83,412,0.2014563106796116
5,0,1.6000000000000083,2,96,0.0208333333333333,83,412,0.2014563106796116
5,0,2.0,2,95,0.0210526315789473,83,412,0.2014563106796116
5,0,2.4000000000000057,2,90,0.0222222222222222,83,412,0.2014563106796116
5,0,2.800000000000012,90,90,1.0,317,411,0.7712895377128953
5,0,3.200000000000003,85,85,1.0,317,411,0.7712895377128953
5,0,3.6000000000000085,84,84,1.0,317,411,0.7712895377128953
5,0,4.0,83,83,1.0,317,411,0.7712895377128953
5,0,4.400000000000006,82,82,1.0,317,411,0.7712895377128953
5,0,4.800000000000011,81,81,1.0,380,411,0.924574209245742
5,0,5.200000000000003,81,81,1.0,380,411,0.924574209245742
5,0,5.6000000000000085,79,79,1.0,380,411,0.924574209245742
5,0,6.0,76,76,1.0,380,411,0.924574209245742
5,0,6.400000000000006,76,76,1.0,411,411,1.0
5,0,6.800000000000011,76,76,1.0,411,411,1.0
5,0,7.200000000000003,75,75,1.0,411,411,1.0
5,0,7.600000000000008,74,74,1.0,411,411,1.0
5,0,8.0,73,73,1.0,411,411,1.0
5,0,8.400000000000006,72,72,1.0,411,411,1.0
5,0,8.800000000000011,72,72,1.0,411,411,1.0
5,0,9.200000000000005,71,71,1.0,410,410,1.0
5,0,9.600000000000009,70,70,1.0,410,410,1.0
5,0,10.0,68,68,1.0,410,410,1.0
5,0,10.400000000000006,67,67,1.0,410,410,1.0
6,0,0.0,0,102,0.0,0,412,0.0
6,0,0.4000000000000057,0,100,0.0,0,412,0.0
6,0,0.8000000000000114,0,99,0.0,0,412,0.0
6,0,1.2000000000000028,2,98,0.0204081632653061,83,412,0.2014563106796116
6,0,1.6000000000000083,2,96,0.0208333333333333,83,412,0.2014563106796116
6,0,2.0,2,95,0.0210526315789473,83,412,0.2014563106796116
6,0,2.4000000000000057,2,90,0.0222222222222222,83,412,0.2014563106796116
6,0,2.800000000000012,2,89,0.0224719101123595,83,411,0.2019464720194647
6,0,3.200000000000003,2,84,0.0238095238095238,83,411,0.2019464720194647
6,0,3.6000000000000085,64,83,0.7710843373493976,279,411,0.6788321167883211
6,0,4.0,64,83,0.7710843373493976,279,411,0.6788321167883211
6,0,4.400000000000006,63,81,0.7777777777777778,279,411,0.6788321167883211
6,0,4.800000000000011,62,80,0.775,279,411,0.6788321167883211
6,0,5.200000000000003,61,78,0.782051282051282,279,411,0.6788321167883211
6,0,5.6000000000000085,59,76,0.7763157894736842,279,411,0.6788321167883211
6,0,6.0,74,74,1.0,410,411,0.9975669099756692
6,0,6.400000000000006,74,74,1.0,410,411,0.9975669099756692
6,0,6.800000000000011,74,74,1.0,410,411,0.9975669099756692
6,0,7.200000000000003,73,73,1.0,410,411,0.9975669099756692
6,0,7.600000000000008,71,71,1.0,410,411,0.9975669099756692
6,0,8.0,70,70,1.0,410,411,0.9975669099756692
6,0,8.400000000000006,69,69,1.0,410,411,0.9975669099756692
6,0,8.800000000000011,68,68,1.0,411,411,1.0
6,0,9.200000000000005,66,66,1.0,410,410,1.0
6,0,9.600000000000009,66,66,1.0,410,410,1.0
6,0,10.0,65,65,1.0,410,410,1.0
7,0,0.0,0,102,0.0,0,412,0.0
7,0,0.4000000000000057,0,100,0.0,0,412,0.0
7,0,0.8000000000000114,0,99,0.0,0,412,0.0
7,0,1.2000000000000028,2,98,0.0204081632653061,83,412,0.2014563106796116
7,0,1.6000000000000083,2,96,0.0208333333333333,83,412,0.2014563106796116
7,0,2.0,2,95,0.0210526315789473,83,412,0.2014563106796116
7,0,2.4000000000000057,2,90,0.0222222222222222,83,412,0.2014563106796116
7,0,2.800000000000012,2,89,0.0224719101123595,83,411,0.2019464720194647
7,0,3.200000000000003,2,84,0.0238095238095238,83,411,0.2019464720194647
7,0,3.6000000000000085,64,83,0.7710843373493976,279,411,0.6788321167883211
7,0,4.0,64,83,0.7710843373493976,279,411,0.6788321167883211
7,0,4.400000000000006,63,81,0.7777777777777778,279,411,0.6788321167883211
7,0,4.800000000000011,62,80,0.775,279,411,0.6788321167883211
7,0,5.200000000000003,61,78,0.782051282051282,279,411,0.6788321167883211
7,0,5.6000000000000085,59,76,0.7763157894736842,279,411,0.6788321167883211
7,0,6.0,74,74,1.0,410,411,0.9975669099756692
7,0,6.400000000000006,74,74,1.0,410,411,0.9975669099756692
7,0,6.800000000000011,74,74,1.0,410,411,0.9975669099756692
7,0,7.200000000000003,73,73,1.0,410,411,0.9975669099756692
7,0,7.600000000000008,71,71,1.0,410,411,0.9975669099756692
7,0,8.0,70,70,1.0,410,411,0.9975669099756692
7,0,8.400000000000006,69,69,1.0,410,411,0.9975669099756692
7,0,8.800000000000011,68,68,1.0,411,411,1.0
7,0,9.200000000000005,66,66,1.0,410,410,1.0
7,0,9.600000000000009,66,66,1.0,410,410,1.0
7,0,10.0,65,65,1.0,410,410,1.0
8,0,0.0,0,102,0.0,0,412,0.0
8,0,0.4000000000000057,0,100,0.0,0,412,0.0
8,0,0.8000000000000114,0,99,0.0,0,412,0.0
8,0,1.2000000000000028,2,98,0.0204081632653061,83,412,0.2014563106796116
8,0,1.6000000000000083,2,96,0.0208333333333333,83,412,0.2014563106796116
8,0,2.0,2,95,0.0210526315789473,83,412,0.2014563106796116
8,0,2.4000000000000057,2,90,0.0222222222222222,83,412,0.2014563106796116
8,0,2.800000000000012,2,89,0.0224719101123595,83,411,0.2019464720194647
8,0,3.200000000000003,2,84,0.0238095238095238,83,411,0.2019464720194647
8,0,3.6000000000000085,64,83,0.7710843373493976,279,411,0.6788321167883211
8,0,4.0,64,83,0.7710843373493976,279,411,0.6788321167883211
8,0,4.400000000000006,63,81,0.7777777777777778,279,411,0.6788321167883211
8,0,4.800000000000011,62,80,0.775,279,411,0.6788321167883211
8,0,5.200000000000003,61,78,0.782051282051282,279,411,0.6788321167883211
8,0,5.6000000000000085,59,76,0.7763157894736842,279,411,0.6788321167883211
8,0,6.0,74,74,1.0,410,411,0.9975669099756692
8,0,6.400000000000006,74,74,1.0,410,411,0.9975669099756692
8,0,6.800000000000011,74,74,1.0,410,411,0.9975669099756692
8,0,7.200000000000003,73,73,1.0,410,411,0.9975669099756692
8,0,7.600000000000008,71,71,1.0,410,411,0.9975669099756692
8,0,8.0,70,70,1.0,410,411,0.9975669099756692
8,0,8.400000000000006,69,69,1.0,410,411,0.9975669099756692
8,0,8.800000000000011,68,68,1.0,411,411,1.0
8,0,9.200000000000005,66,66,1.0,410,410,1.0
8,0,9.600000000000009,66,66,1.0,410,410,1.0
8,0,10.0,65,65,1.0,410,410,1.0
9,0,0.0,0,305,0.0,0,1297,0.0
9,0,0.4000000000000057,0,307,0.0,0,1305,0.0
9,0,0.8000000000000114,0,309,0.0,0,1309,0.0
9,0,1.2000000000000028,7,308,0.0227272727272727,233,1313,0.1774562071591774
9,0,1.6000000000000083,7,302,0.0231788079470198,233,1313,0.1774562071591774
9,0,2.0,255,297,0.8585858585858586,915,1313,0.6968773800456969
9,0,2.4000000000000057,252,293,0.8600682593856656,915,1312,0.6974085365853658
9,0,2.800000000000012,250,290,0.8620689655172413,915,1312,0.6974085365853658
9,0,3.200000000000003,283,284,0.9964788732394366,1308,1312,0.9969512195121952
9,0,3.6000000000000085,281,282,0.99645390070922,1308,1312,0.9969512195121952
9,0,4.0,278,279,0.996415770609319,1309,1312,0.9977134146341464
9,0,4.400000000000006,276,276,1.0,1311,1311,1.0
9,0,4.800000000000011,272,272,1.0,1310,1310,1.0
9,0,5.200000000000003,269,269,1.0,1310,1310,1.0
9,0,5.6000000000000085,264,264,1.0,1310,1310,1.0
9,0,6.0,261,261,1.0,1310,1310,1.0
9,0,6.400000000000006,256,256,1.0,1310,1310,1.0
9,0,6.800000000000011,253,253,1.0,1309,1309,1.0
9,0,7.200000000000003,251,251,1.0,1309,1309,1.0
10,0,0.0,0,305,0.0,0,1297,0.0
10,0,0.4000000000000057,0,307,0.0,0,1305,0.0
10,0,0.8000000000000114,0,309,0.0,0,1309,0.0
10,0,1.2000000000000028,7,308,0.0227272727272727,233,1313,0.1774562071591774
10,0,1.6000000000000083,7,302,0.0231788079470198,233,1313,0.1774562071591774
10,0,2.0,255,297,0.8585858585858586,915,1313,0.6968773800456969
10,0,2.4000000000000057,252,293,0.8600682593856656,915,1312,0.6974085365853658
10,0,2.800000000000012,250,290,0.8620689655172413,915,1312,0.6974085365853658
10,0,3.200000000000003,283,284,0.9964788732394366,1308,1312,0.9969512195121952
10,0,3.6000000000000085,281,282,0.99645390070922,1308,1312,0.9969512195121952
10,0,4.0,278,279,0.996415770609319,1309,1312,0.9977134146341464
10,0,4.400000000000006,276,276,1.0,1311,1311,1.0
10,0,4.800000000000011,272,272,1.0,1310,1310,1.0
10,0,5.200000000000003,269,269,1.0,1310,1310,1.0
10,0,5.6000000000000085,264,264,1.0,1310,1310,1.0
10,0,6.0,261,261,1.0,1310,1310,1.0
10,0,6.400000000000006,256,256,1.0,1310,1310,1.0
10,0,6.800000000000011,253,253,1.0,1309,1309,1.0
10,0,7.200000000000003,251,251,1.0,1309,1309,1.0
11,0,0.0,0,305,0.0,0,1297,0.0
11,0,0.4000000000000057,0,307,0.0,0,1305,0.0
11,0,0.8000000000000114,0,309,0.0,0,1309,0.0
11,0,1.2000000000000028,7,308,0.0227272727272727,233,1313,0.1774562071591774
11,0,1.6000000000000083,7,302,0.0231788079470198,233,1313,0.1774562071591774
11,0,2.0,255,297,0.8585858585858586,915,1313,0.6968773800456969
11,0,2.4000000000000057,252,293,0.8600682593856656,915,1312,0.6974085365853658
11,0,2.800000000000012,250,290,0.8620689655172413,915,1312,0.6974085365853658
11,0,3.200000000000003,283,284,0.9964788732394366,1308,1312,0.9969512195121952
11,0,3.6000000000000085,281,282,0.99645390070922,1308,1312,0.9969512195121952
11,0,4.0,278,279,0.996415770609319,1309,1312,0.9977134146341464
11,0,4.400000000000006,276,276,1.0,1311,1311,1.0
11,0,4.800000000000011,272,272,1.0,1310,1310,1.0
11,0,5.200000000000003,269,269,1.0,1310,1310,1.0
11,0,5.6000000000000085,264,264,1.0,1310,1310,1.0
11,0,6.0,261,261,1.0,1310,1310,1.0
11,0,6.400000000000006,256,256,1.0,1310,1310,1.0
11,0,6.800000000000011,253,253,1.0,1309,1309,1.0
11,0,7.200000000000003,251,251,1.0,1309,1309,1.0
12,0,0.0,0,305,0.0,0,1297,0.0
12,0,0.4000000000000057,0,307,0.0,0,1305,0.0
12,0,0.8000000000000114,0,309,0.0,0,1309,0.0
12,0,1.2000000000000028,7,308,0.0227272727272727,233,1313,0.1774562071591774
12,0,1.6000000000000083,7,302,0.0231788079470198,233,1313,0.1774562071591774
12,0,2.0,7,296,0.0236486486486486,233,1313,0.1774562071591774
12,0,2.4000000000000057,7,293,0.0238907849829351,233,1312,0.1775914634146341
12,0,2.800000000000012,290,290,1.0,980,1312,0.7469512195121951
12,0,3.200000000000003,284,284,1.0,980,1312,0.7469512195121951
12,0,3.6000000000000085,280,280,1.0,980,1312,0.7469512195121951
12,0,4.0,278,278,1.0,980,1312,0.7469512195121951
12,0,4.400000000000006,276,276,1.0,980,1311,0.7475209763539283
12,0,4.800000000000011,272,272,1.0,1309,1310,0.999236641221374
12,0,5.200000000000003,270,270,1.0,1309,1310,0.999236641221374
12,0,5.6000000000000085,265,265,1.0,1309,1310,0.999236641221374
12,0,6.0,261,261,1.0,1309,1310,0.999236641221374
12,0,6.400000000000006,255,255,1.0,1310,1310,1.0
12,0,6.800000000000011,251,251,1.0,1309,1309,1.0
12,0,7.200000000000003,249,249,1.0,1309,1309,1.0
12,0,7.600000000000008,245,245,1.0,1309,1309,1.0
12,0,8.0,233,233,1.0,1309,1309,1.0
12,0,8.400000000000006,228,228,1.0,1309,1309,1.0
12,0,8.800000000000011,225,225,1.0,1309,1309,1.0
13,0,0.0,0,305,0.0,0,1297,0.0
13,0,0.4000000000000057,0,307,0.0,0,1305,0.0
13,0,0.8000000000000114,0,309,0.0,0,1309,0.0
13,0,1.2000000000000028,7,308,0.0227272727272727,233,1313,0.1774562071591774
13,0,1.6000000000000083,7,302,0.0231788079470198,233,1313,0.1774562071591774
13,0,2.0,7,296,0.0236486486486486,233,1313,0.1774562071591774
13,0,2.4000000000000057,7,293,0.0238907849829351,233,1312,0.1775914634146341
13,0,2.800000000000012,290,290,1.0,980,1312,0.7469512195121951
13,0,3.200000000000003,284,284,1.0,980,1312,0.7469512195121951
13,0,3.6000000000000085,280,280,1.0,980,1312,0.7469512195121951
13,0,4.0,278,278,1.0,980,1312,0.7469512195121951
13,0,4.400000000000006,276,276,1.0,980,1311,0.7475209763539283
13,0,4.800000000000011,272,272,1.0,1309,1310,0.999236641221374
13,0,5.200000000000003,270,270,1.0,1309,1310,0.999236641221374
13,0,5.6000000000000085,265,265,1.0,1309,1310,0.999236641221374
13,0,6.0,261,261,1.0,1309,1310,0.999236641221374
13,0,6.400000000000006,255,255,1.0,1310,1310,1.0
13,0,6.800000000000011,251,251,1.0,1309,1309,1.0
13,0,7.200000000000003,249,249,1.0,1309,1309,1.0
13,0,7.600000000000008,245,245,1.0,1309,1309,1.0
13,0,8.0,233,233,1.0,1309,1309,1.0
13,0,8.400000000000006,228,228,1.0,1309,1309,1.0
13,0,8.800000000000011,225,225,1.0,1309,1309,1.0
14,0,0.0,0,305,0.0,0,1297,0.0
14,0,0.4000000000000057,0,307,0.0,0,1305,0.0
14,0,0.8000000000000114,0,309,0.0,0,1309,0.0
14,0,1.2000000000000028,7,308,0.0227272727272727,233,1313,0.1774562071591774
14,0,1.6000000000000083,7,302,0.0231788079470198,233,1313,0.1774562071591774
14,0,2.0,7,296,0.0236486486486486,233,1313,0.1774562071591774
14,0,2.4000000000000057,7,293,0.0238907849829351,233,1312,0.1775914634146341
14,0,2.800000000000012,290,290,1.0,980,1312,0.7469512195121951
14,0,3.200000000000003,284,284,1.0,980,1312,0.7469512195121951
14,0,3.6000000000000085,280,280,1.0,980,1312,0.7469512195121951
14,0,4.0,278,278,1.0,980,1312,0.7469512195121951
14,0,4.400000000000006,276,276,1.0,980,1311,0.7475209763539283
14,0,4.800000000000011,272,272,1.0,1309,1310,0.999236641221374
14,0,5.200000000000003,270,270,1.0,1309,1310,0.999236641221374
14,0,5.6000000000000085,265,265,1.0,1309,1310,0.999236641221374
14,0,6.0,261,261,1.0,1309,1310,0.999236641221374
14,0,6.400000000000006,255,255,1.0,1310,1310,1.0
14,0,6.800000000000011,251,251,1.0,1309,1309,1.0
14,0,7.200000000000003,249,249,1.0,1309,1309,1.0
14,0,7.600000000000008,245,245,1.0,1309,1309,1.0
14,0,8.0,233,233,1.0,1309,1309,1.0
14,0,8.400000000000006,228,228,1.0,1309,1309,1.0
14,0,8.800000000000011,225,225,1.0,1309,1309,1.0
15,0,0.0,0,305,0.0,0,1297,0.0
15,0,0.4000000000000057,0,307,0.0,0,1305,0.0
15,0,0.8000000000000114,0,309,0.0,0,1309,0.0
15,0,1.2000000000000028,7,308,0.0227272727272727,233,1313,0.1774562071591774
15,0,1.6000000000000083,7,302,0.0231788079470198,233,1313,0.1774562071591774
15,0,2.0,7,296,0.0236486486486486,233,1313,0.1774562071591774
15,0,2.4000000000000057,7,293,0.0238907849829351,233,1312,0.1775914634146341
15,0,2.800000000000012,7,288,0.0243055555555555,233,1312,0.1775914634146341
15,0,3.200000000000003,7,279,0.025089605734767,233,1312,0.1775914634146341
15,0,3.6000000000000085,276,276,1.0,1047,1312,0.7980182926829268
15,0,4.0,274,274,1.0,1047,1312,0.7980182926829268
15,0,4.400000000000006,273,273,1.0,1047,1311,0.7986270022883295
15,0,4.800000000000011,269,269,1.0,1047,1310,0.7992366412213741
15,0,5.200000000000003,267,267,1.0,1047,1310,0.7992366412213741
15,0,5.6000000000000085,262,262,1.0,1047,1310,0.7992366412213741
15,0,6.0,258,258,1.0,1191,1310,0.9091603053435114
15,0,6.400000000000006,252,252,1.0,1310,1310,1.0
15,0,6.800000000000011,250,250,1.0,1309,1309,1.0
15,0,7.200000000000003,247,247,1.0,1309,1309,1.0
15,0,7.600000000000008,241,241,1.0,1309,1309,1.0
15,0,8.0,229,229,1.0,1309,1309,1.0
15,0,8.400000000000006,224,224,1.0,1309,1309,1.0
15,0,8.800000000000011,222,222,1.0,1309,1309,1.0
15,0,9.200000000000005,219,219,1.0,1309,1309,1.0
15,0,9.600000000000009,218,218,1.0,1309,1309,1.0
15,0,10.0,211,211,1.0,1309,1309,1.0
15,0,10.400000000000006,210,210,1.0,1309,1309,1.0
16,0,0.0,0,305,0.0,0,1297,0.0
16,0,0.4000000000000057,0,307,0.0,0,1305,0.0
16,0,0.8000000000000114,0,309,0.0,0,1309,0.0
16,0,1.2000000000000028,7,308,0.0227272727272727,233,1313,0.1774562071591774
16,0,1.6000000000000083,7,302,0.0231788079470198,233,1313,0.1774562071591774
16,0,2.0,7,296,0.0236486486486486,233,1313,0.1774562071591774
16,0,2.4000000000000057,7,293,0.0238907849829351,233,1312,0.1775914634146341
16,0,2.800000000000012,7,288,0.0243055555555555,233,1312,0.1775914634146341
16,0,3.200000000000003,7,279,0.025089605734767,233,1312,0.1775914634146341
16,0,3.6000000000000085,276,276,1.0,1047,1312,0.7980182926829268
16,0,4.0,274,274,1.0,1047,1312,0.7980182926829268
16,0,4.400000000000006,273,273,1.0,1047,1311,0.7986270022883295
16,0,4.800000000000011,269,269,1.0,1047,1310,0.7992366412213741
16,0,5.200000000000003,267,267,1.0,1047,1310,0.7992366412213741
16,0,5.6000000000000085,262,262,1.0,1047,1310,0.7992366412213741
16,0,6.0,258,258,1.0,1191,1310,0.9091603053435114
16,0,6.400000000000006,252,252,1.0,1310,1310,1.0
16,0,6.800000000000011,250,250,1.0,1309,1309,1.0
16,0,7.200000000000003,247,247,1.0,1309,1309,1.0
16,0,7.600000000000008,241,241,1.0,1309,1309,1.0
16,0,8.0,229,229,1.0,1309,1309,1.0
16,0,8.400000000000006,224,224,1.0,1309,1309,1.0
16,0,8.800000000000011,222,222,1.0,1309,1309,1.0
16,0,9.200000000000005,219,219,1.0,1309,1309,1.0
16,0,9.600000000000009,218,218,1.0,1309,1309,1.0
16,0,10.0,211,211,1.0,1309,1309,1.0
16,0,10.400000000000006,210,210,1.0,1309,1309,1.0
17,0,0.0,0,305,0.0,0,1297,0.0
17,0,0.4000000000000057,0,307,0.0,0,1305,0.0
17,0,0.8000000000000114,0,309,0.0,0,1309,0.0
17,0,1.2000000000000028,7,308,0.0227272727272727,233,1313,0.1774562071591774
17,0,1.6000000000000083,7,302,0.0231788079470198,233,1313,0.1774562071591774
17,0,2.0,7,296,0.0236486486486486,233,1313,0.1774562071591774
17,0,2.4000000000000057,7,293,0.0238907849829351,233,1312,0.1775914634146341
17,0,2.800000000000012,7,288,0.0243055555555555,233,1312,0.1775914634146341
17,0,3.200000000000003,7,279,0.025089605734767,233,1312,0.1775914634146341
17,0,3.6000000000000085,276,276,1.0,1047,1312,0.7980182926829268
17,0,4.0,274,274,1.0,1047,1312,0.7980182926829268
17,0,4.400000000000006,273,273,1.0,1047,1311,0.7986270022883295
17,0,4.800000000000011,269,269,1.0,1047,1310,0.7992366412213741
17,0,5.200000000000003,267,267,1.0,1047,1310,0.7992366412213741
17,0,5.6000000000000085,262,262,1.0,1047,1310,0.7992366412213741
17,0,6.0,258,258,1.0,1191,1310,0.9091603053435114
17,0,6.400000000000006,252,252,1.0,1310,1310,1.0
17,0,6.800000000000011,250,250,1.0,1309,1309,1.0
17,0,7.200000000000003,247,247,1.0,1309,1309,1.0
17,0,7.600000000000008,241,241,1.0,1309,1309,1.0
17,0,8.0,229,229,1.0,1309,1309,1.0
17,0,8.400000000000006,224,224,1.0,1309,1309,1.0
17,0,8.800000000000011,222,222,1.0,1309,1309,1.0
17,0,9.200000000000005,219,219,1.0,1309,1309,1.0
17,0,9.600000000000009,218,218,1.0,1309,1309,1.0
17,0,10.0,211,211,1.0,1309,1309,1.0
17,0,10.400000000000006,210,210,1.0,1309,1309,1.0
18,0,0.0,0,509,0.0,0,2194,0.0
18,0,0.4000000000000057,0,509,0.0,0,2203,0.0
18,0,0.8000000000000114,0,514,0.0,0,2214,0.0
18,0,1.2000000000000028,10,506,0.0197628458498023,354,2222,0.1593159315931593
18,0,1.6000000000000083,10,490,0.0204081632653061,354,2222,0.1593159315931593
18,0,2.0,489,489,1.0,1725,2222,0.7763276327632763
18,0,2.4000000000000057,488,488,1.0,1725,2222,0.7763276327632763
18,0,2.800000000000012,481,481,1.0,1725,2221,0.7766771724448447
18,0,3.200000000000003,476,476,1.0,2216,2220,0.9981981981981982
18,0,3.6000000000000085,471,471,1.0,2216,2220,0.9981981981981982
18,0,4.0,466,466,1.0,2220,2220,1.0
18,0,4.400000000000006,461,461,1.0,2219,2219,1.0
18,0,4.800000000000011,454,454,1.0,2218,2218,1.0
18,0,5.200000000000003,445,445,1.0,2218,2218,1.0
18,0,5.6000000000000085,438,438,1.0,2218,2218,1.0
18,0,6.0,433,433,1.0,2218,2218,1.0
18,0,6.400000000000006,426,426,1.0,2217,2217,1.0
18,0,6.800000000000011,421,421,1.0,2217,2217,1.0
18,0,7.200000000000003,414,414,1.0,2217,2217,1.0
19,0,0.0,0,509,0.0,0,2194,0.0
19,0,0.4000000000000057,0,509,0.0,0,2203,0.0
19,0,0.8000000000000114,0,514,0.0,0,2214,0.0
19,0,1.2000000000000028,10,506,0.0197628458498023,354,2222,0.1593159315931593
19,0,1.6000000000000083,10,490,0.0204081632653061,354,2222,0.1593159315931593
19,0,2.0,489,489,1.0,1725,2222,0.7763276327632763
19,0,2.4000000000000057,488,488,1.0,1725,2222,0.7763276327632763
19,0,2.800000000000012,481,481,1.0,1725,2221,0.7766771724448447
19,0,3.200000000000003,476,476,1.0,2216,2220,0.9981981981981982
19,0,3.6000000000000085,471,471,1.0,2216,2220,0.9981981981981982
19,0,4.0,466,466,1.0,2220,2220,1.0
19,0,4.400000000000006,461,461,1.0,2219,2219,1.0
19,0,4.800000000000011,454,454,1.0,2218,2218,1.0
19,0,5.200000000000003,445,445,1.0,2218,2218,1.0
19,0,5.6000000000000085,438,438,1.0,2218,2218,1.0
19,0,6.0,433,433,1.0,2218,2218,1.0
19,0,6.400000000000006,426,426,1.0,2217,2217,1.0
19,0,6.800000000000011,421,421,1.0,2217,2217,1.0
19,0,7.200000000000003,414,414,1.0,2217,2217,1.0
20,0,0.0,0,509,0.0,0,2194,0.0
20,0,0.4000000000000057,0,509,0.0,0,2203,0.0
20,0,0.8000000000000114,0,514,0.0,0,2214,0.0
20,0,1.2000000000000028,10,506,0.0197628458498023,354,2222,0.1593159315931593
20,0,1.6000000000000083,10,490,0.0204081632653061,354,2222,0.1593159315931593
20,0,2.0,489,489,1.0,1725,2222,0.7763276327632763
20,0,2.4000000000000057,488,488,1.0,1725,2222,0.7763276327632763
20,0,2.800000000000012,481,481,1.0,1725,2221,0.7766771724448447
20,0,3.200000000000003,476,476,1.0,2216,2220,0.9981981981981982
20,0,3.6000000000000085,471,471,1.0,2216,2220,0.9981981981981982
20,0,4.0,466,466,1.0,2220,2220,1.0
20,0,4.400000000000006,461,461,1.0,2219,2219,1.0
20,0,4.800000000000011,454,454,1.0,2218,2218,1.0
20,0,5.200000000000003,445,445,1.0,2218,2218,1.0
20,0,5.6000000000000085,438,438,1.0,2218,2218,1.0
20,0,6.0,433,433,1.0,2218,2218,1.0
20,0,6.400000000000006,426,426,1.0,2217,2217,1.0
20,0,6.800000000000011,421,421,1.0,2217,2217,1.0
20,0,7.200000000000003,414,414,1.0,2217,2217,1.0
21,0,0.0,0,509,0.0,0,2194,0.0
21,0,0.4000000000000057,0,509,0.0,0,2203,0.0
21,0,0.8000000000000114,0,514,0.0,0,2214,0.0
21,0,1.2000000000000028,10,506,0.0197628458498023,354,2222,0.1593159315931593
21,0,1.6000000000000083,10,490,0.0204081632653061,354,2222,0.1593159315931593
21,0,2.0,10,486,0.0205761316872428,354,2222,0.1593159315931593
21,0,2.4000000000000057,10,481,0.0207900207900207,354,2222,0.1593159315931593
21,0,2.800000000000012,474,474,1.0,1826,2221,0.8221521837010356
21,0,3.200000000000003,470,470,1.0,1826,2220,0.8225225225225226
21,0,3.6000000000000085,465,465,1.0,1826,2220,0.8225225225225226
21,0,4.0,460,460,1.0,1826,2220,0.8225225225225226
21,0,4.400000000000006,454,454,1.0,1826,2219,0.8228931951329428
21,0,4.800000000000011,449,449,1.0,2180,2218,0.982867448151488
21,0,5.200000000000003,440,440,1.0,2180,2218,0.982867448151488
21,0,5.6000000000000085,433,433,1.0,2180,2218,0.982867448151488
21,0,6.0,429,429,1.0,2180,2218,0.982867448151488
21,0,6.400000000000006,423,423,1.0,2217,2217,1.0
21,0,6.800000000000011,414,414,1.0,2217,2217,1.0
21,0,7.200000000000003,408,408,1.0,2217,2217,1.0
21,0,7.600000000000008,401,401,1.0,2217,2217,1.0
21,0,8.0,393,393,1.0,2217,2217,1.0
21,0,8.400000000000006,389,389,1.0,2216,2216,1.0
21,0,8.800000000000011,383,383,1.0,2215,2215,1.0
22,0,0.0,0,509,0.0,0,2194,0.0
22,0,0.4000000000000057,0,509,0.0,0,2203,0.0
22,0,0.8000000000000114,0,514,0.0,0,2214,0.0
22,0,1.2000000000000028,10,506,0.0197628458498023,354,2222,0.1593159315931593
22,0,1.6000000000000083,10,490,0.0204081632653061,354,2222,0.1593159315931593
22,0,2.0,10,486,0.0205761316872428,354,2222,0.1593159315931593
22,0,2.4000000000000057,10,481,0.0207900207900207,354,2222,0.1593159315931593
22,0,2.800000000000012,474,474,1.0,1826,2221,0.8221521837010356
22,0,3.200000000000003,470,470,1.0,1826,2220,0.8225225225225226
22,0,3.6000000000000085,465,465,1.0,1826,2220,0.8225225225225226
22,0,4.0,460,460,1.0,1826,2220,0.8225225225225226
22,0,4.400000000000006,454,454,1.0,1826,2219,0.8228931951329428
22,0,4.800000000000011,449,449,1.0,2180,2218,0.982867448151488
22,0,5.200000000000003,440,440,1.0,2180,2218,0.982867448151488
22,0,5.6000000000000085,433,433,1.0,2180,2218,0.982867448151488
22,0,6.0,429,429,1.0,2180,2218,0.982867448151488
22,0,6.400000000000006,423,423,1.0,2217,2217,1.0
22,0,6.800000000000011,414,414,1.0,2217,2217,1.0
22,0,7.200000000000003,408,408,1.0,2217,2217,1.0
22,0,7.600000000000008,401,401,1.0,2217,2217,1.0
22,0,8.0,393,393,1.0,2217,2217,1.0
22,0,8.400000000000006,389,389,1.0,2216,2216,1.0
22,0,8.800000000000011,383,383,1.0,2215,2215,1.0
23,0,0.0,0,509,0.0,0,2194,0.0
23,0,0.4000000000000057,0,509,0.0,0,2203,0.0
23,0,0.8000000000000114,0,514,0.0,0,2214,0.0
23,0,1.2000000000000028,10,506,0.0197628458498023,354,2222,0.1593159315931593
23,0,1.6000000000000083,10,490,0.0204081632653061,354,2222,0.1593159315931593
23,0,2.0,10,486,0.0205761316872428,354,2222,0.1593159315931593
23,0,2.4000000000000057,10,481,0.0207900207900207,354,2222,0.1593159315931593
23,0,2.800000000000012,474,474,1.0,1826,2221,0.8221521837010356
23,0,3.200000000000003,470,470,1.0,1826,2220,0.8225225225225226
23,0,3.6000000000000085,465,465,1.0,1826,2220,0.8225225225225226
23,0,4.0,460,460,1.0,1826,2220,0.8225225225225226
23,0,4.400000000000006,454,454,1.0,1826,2219,0.8228931951329428
23,0,4.800000000000011,449,449,1.0,2180,2218,0.982867448151488
23,0,5.200000000000003,440,440,1.0,2180,2218,0.982867448151488
23,0,5.6000000000000085,433,433,1.0,2180,2218,0.982867448151488
23,0,6.0,429,429,1.0,2180,2218,0.982867448151488
23,0,6.400000000000006,423,423,1.0,2217,2217,1.0
23,0,6.800000000000011,414,414,1.0,2217,2217,1.0
23,0,7.200000000000003,408,408,1.0,2217,2217,1.0
23,0,7.600000000000008,401,401,1.0,2217,2217,1.0
23,0,8.0,393,393,1.0,2217,2217,1.0
23,0,8.400000000000006,389,389,1.0,2216,2216,1.0
23,0,8.800000000000011,383,383,1.0,2215,2215,1.0
24,0,0.0,0,509,0.0,0,2194,0.0
24,0,0.4000000000000057,0,509,0.0,0,2203,0.0
24,0,0.8000000000000114,0,514,0.0,0,2214,0.0
24,0,1.2000000000000028,10,506,0.0197628458498023,354,2222,0.1593159315931593
24,0,1.6000000000000083,10,490,0.0204081632653061,354,2222,0.1593159315931593
24,0,2.0,10,486,0.0205761316872428,354,2222,0.1593159315931593
24,0,2.4000000000000057,10,481,0.0207900207900207,354,2222,0.1593159315931593
24,0,2.800000000000012,10,472,0.0211864406779661,354,2221,0.1593876632147681
24,0,3.200000000000003,10,465,0.021505376344086,354,2220,0.1594594594594594
24,0,3.6000000000000085,460,460,1.0,1797,2220,0.8094594594594594
24,0,4.0,455,455,1.0,1797,2220,0.8094594594594594
24,0,4.400000000000006,448,448,1.0,1797,2219,0.8098242451554755
24,0,4.800000000000011,441,441,1.0,1797,2218,0.8101893597835889
24,0,5.200000000000003,434,434,1.0,1797,2218,0.8101893597835889
24,0,5.6000000000000085,427,427,1.0,1797,2218,0.8101893597835889
24,0,6.0,424,424,1.0,1860,2218,0.8385933273219116
24,0,6.400000000000006,413,413,1.0,2216,2217,0.9995489400090212
24,0,6.800000000000011,406,406,1.0,2216,2217,0.9995489400090212
24,0,7.200000000000003,399,399,1.0,2216,2217,0.9995489400090212
24,0,7.600000000000008,396,396,1.0,2216,2217,0.9995489400090212
24,0,8.0,390,390,1.0,2216,2217,0.9995489400090212
24,0,8.400000000000006,383,383,1.0,2215,2216,0.999548736462094
24,0,8.800000000000011,377,377,1.0,2215,2215,1.0
24,0,9.200000000000005,371,371,1.0,2215,2215,1.0
24,0,9.600000000000009,364,364,1.0,2214,2214,1.0
24,0,10.0,358,358,1.0,2214,2214,1.0
24,0,10.400000000000006,353,353,1.0,2213,2213,1.0
25,0,0.0,0,509,0.0,0,2194,0.0
25,0,0.4000000000000057,0,509,0.0,0,2203,0.0
25,0,0.8000000000000114,0,514,0.0,0,2214,0.0
25,0,1.2000000000000028,10,506,0.0197628458498023,354,2222,0.1593159315931593
25,0,1.6000000000000083,10,490,0.0204081632653061,354,2222,0.1593159315931593
25,0,2.0,10,486,0.0205761316872428,354,2222,0.1593159315931593
25,0,2.4000000000000057,10,481,0.0207900207900207,354,2222,0.1593159315931593
25,0,2.800000000000012,10,472,0.0211864406779661,354,2221,0.1593876632147681
25,0,3.200000000000003,10,465,0.021505376344086,354,2220,0.1594594594594594
25,0,3.6000000000000085,460,460,1.0,1797,2220,0.8094594594594594
25,0,4.0,455,455,1.0,1797,2220,0.8094594594594594
25,0,4.400000000000006,448,448,1.0,1797,2219,0.8098242451554755
25,0,4.800000000000011,441,441,1.0,1797,2218,0.8101893597835889
25,0,5.200000000000003,434,434,1.0,1797,2218,0.8101893597835889
25,0,5.6000000000000085,427,427,1.0,1797,2218,0.8101893597835889
25,0,6.0,424,424,1.0,1860,2218,0.8385933273219116
25,0,6.400000000000006,413,413,1.0,2216,2217,0.9995489400090212
25,0,6.800000000000011,406,406,1.0,2216,2217,0.9995489400090212
25,0,7.200000000000003,399,399,1.0,2216,2217,0.9995489400090212
25,0,7.600000000000008,396,396,1.0,2216,2217,0.9995489400090212
25,0,8.0,390,390,1.0,2216,2217,0.9995489400090212
25,0,8.400000000000006,383,383,1.0,2215,2216,0.999548736462094
25,0,8.800000000000011,377,377,1.0,2215,2215,1.0
25,0,9.200000000000005,371,371,1.0,2215,2215,1.0
25,0,9.600000000000009,364,364,1.0,2214,2214,1.0
25,0,10.0,358,358,1.0,2214,2214,1.0
25,0,10.400000000000006,353,353,1.0,2213,2213,1.0
26,0,0.0,0,509,0.0,0,2194,0.0
26,0,0.4000000000000057,0,509,0.0,0,2203,0.0
26,0,0.8000000000000114,0,514,0.0,0,2214,0.0
26,0,1.2000000000000028,10,506,0.0197628458498023,354,2222,0.1593159315931593
26,0,1.6000000000000083,10,490,0.0204081632653061,354,2222,0.1593159315931593
26,0,2.0,10,486,0.0205761316872428,354,2222,0.1593159315931593
26,0,2.4000000000000057,10,481,0.0207900207900207,354,2222,0.1593159315931593
26,0,2.800000000000012,10,472,0.0211864406779661,354,2221,0.1593876632147681
26,0,3.200000000000003,10,465,0.021505376344086,354,2220,0.1594594594594594
26,0,3.6000000000000085,460,460,1.0,1797,2220,0.8094594594594594
26,0,4.0,455,455,1.0,1797,2220,0.8094594594594594
26,0,4.400000000000006,448,448,1.0,1797,2219,0.8098242451554755
26,0,4.800000000000011,441,441,1.0,1797,2218,0.8101893597835889
26,0,5.200000000000003,434,434,1.0,1797,2218,0.8101893597835889
26,0,5.6000000000000085,427,427,1.0,1797,2218,0.8101893597835889
26,0,6.0,424,424,1.0,1860,2218,0.8385933273219116
26,0,6.400000000000006,413,413,1.0,2216,2217,0.9995489400090212
26,0,6.800000000000011,406,406,1.0,2216,2217,0.9995489400090212
26,0,7.200000000000003,399,399,1.0,2216,2217,0.9995489400090212
26,0,7.600000000000008,396,396,1.0,2216,2217,0.9995489400090212
26,0,8.0,390,390,1.0,2216,2217,0.9995489400090212
26,0,8.400000000000006,383,383,1.0,2215,2216,0.999548736462094
26,0,8.800000000000011,377,377,1.0,2215,2215,1.0
26,0,9.200000000000005,371,371,1.0,2215,2215,1.0
26,0,9.600000000000009,364,364,1.0,2214,2214,1.0
26,0,10.0,358,358,1.0,2214,2214,1.0
26,0,10.400000000000006,353,353,1.0,2213,2213,1.0
