timeStep areaDensityCountingNormed-PID101 areaDensityCountingNormed-PID102 areaDensityCountingNormed-PID103
1 0.0 0.0 0.0
2 0.0 0.0 0.0
3 0.0 0.0 0.0
4 0.0 0.0 0.0
5 0.02857142857142857 0.0 0.0
6 0.02857142857142857 0.0 0.0
7 0.05714285714285714 0.0 0.0
8 0.05714285714285714 0.0 0.0
9 0.05714285714285714 0.0 0.0
10 0.05714285714285714 0.0 0.0
11 0.05714285714285714 0.0 0.0
12 0.05714285714285714 0.0 0.0
13 0.05714285714285714 0.0 0.0
14 0.05714285714285714 0.0 0.0
15 0.05714285714285714 0.0 0.0
16 0.05714285714285714 0.0 0.0
17 0.05714285714285714 0.0 0.0
18 0.05714285714285714 0.0 0.0
19 0.05714285714285714 0.0 0.0
20 0.05714285714285714 0.0 0.0
21 0.05714285714285714 0.0 0.0
22 0.05714285714285714 0.0 0.0
23 0.05714285714285714 0.0 0.0
24 0.05714285714285714 0.0 0.0
25 0.05714285714285714 0.0 0.0
26 0.05714285714285714 0.0 0.0
27 0.05714285714285714 0.0 0.0
28 0.08571428571428572 0.0 0.0
29 0.08571428571428572 0.0 0.0
30 0.08571428571428572 0.0 0.0
31 0.08571428571428572 0.0 0.0
32 0.11428571428571428 0.0 0.0
33 0.11428571428571428 0.0 0.0
34 0.11428571428571428 0.0 0.0
35 0.11428571428571428 0.0 0.0
36 0.11428571428571428 0.0 0.0
37 0.11428571428571428 0.0 0.0
38 0.11428571428571428 0.0 0.0
39 0.11428571428571428 0.0 0.0
40 0.11428571428571428 0.0 0.0
41 0.11428571428571428 0.0 0.0
42 0.11428571428571428 0.0 0.0
43 0.11428571428571428 0.0 0.0
44 0.11428571428571428 0.0 0.0
45 0.14285714285714285 0.0 0.0
46 0.14285714285714285 0.0 0.0
47 0.14285714285714285 0.0 0.0
48 0.14285714285714285 0.0 0.0
49 0.14285714285714285 0.0 0.0
50 0.14285714285714285 0.0 0.0
51 0.14285714285714285 0.0 0.0
52 0.14285714285714285 0.0 0.0
53 0.14285714285714285 0.0 0.0
54 0.17142857142857143 0.0 0.0
55 0.17142857142857143 0.0 0.0
56 0.17142857142857143 0.0 0.0
57 0.17142857142857143 0.0 0.0
58 0.17142857142857143 0.0 0.0
59 0.14285714285714285 0.0 0.0
60 0.14285714285714285 0.0 0.0
61 0.14285714285714285 0.0 0.0
62 0.14285714285714285 0.0 0.0
63 0.14285714285714285 0.0 0.0
64 0.14285714285714285 0.0 0.0
65 0.14285714285714285 0.0 0.0
66 0.14285714285714285 0.0 0.0
67 0.14285714285714285 0.0 0.0
68 0.14285714285714285 0.0 0.0
69 0.14285714285714285 0.0 0.02857142857142857
70 0.17142857142857143 0.0 0.02857142857142857
71 0.17142857142857143 0.0 0.02857142857142857
72 0.17142857142857143 0.0 0.02857142857142857
73 0.17142857142857143 0.0 0.02857142857142857
74 0.2 0.0 0.02857142857142857
75 0.2 0.0 0.02857142857142857
76 0.2 0.0 0.02857142857142857
77 0.2 0.0 0.02857142857142857
78 0.22857142857142856 0.0 0.02857142857142857
79 0.2571428571428571 0.0 0.02857142857142857
80 0.2571428571428571 0.0 0.02857142857142857
81 0.2857142857142857 0.0 0.02857142857142857
82 0.2857142857142857 0.0 0.05714285714285714
83 0.2571428571428571 0.0 0.05714285714285714
84 0.2571428571428571 0.0 0.05714285714285714
85 0.2571428571428571 0.0 0.05714285714285714
86 0.22857142857142856 0.0 0.08571428571428572
87 0.22857142857142856 0.0 0.08571428571428572
88 0.22857142857142856 0.0 0.08571428571428572
89 0.2571428571428571 0.0 0.11428571428571428
90 0.2571428571428571 0.0 0.11428571428571428
91 0.2571428571428571 0.0 0.11428571428571428
92 0.2571428571428571 0.02857142857142857 0.14285714285714285
93 0.2571428571428571 0.02857142857142857 0.14285714285714285
94 0.2571428571428571 0.02857142857142857 0.11428571428571428
95 0.2571428571428571 0.02857142857142857 0.11428571428571428
96 0.2571428571428571 0.02857142857142857 0.14285714285714285
97 0.2571428571428571 0.02857142857142857 0.14285714285714285
98 0.2571428571428571 0.05714285714285714 0.14285714285714285
99 0.2571428571428571 0.05714285714285714 0.14285714285714285
100 0.2571428571428571 0.05714285714285714 0.14285714285714285
101 0.2571428571428571 0.05714285714285714 0.14285714285714285
102 0.22857142857142856 0.05714285714285714 0.14285714285714285
103 0.22857142857142856 0.05714285714285714 0.14285714285714285
104 0.22857142857142856 0.05714285714285714 0.17142857142857143
105 0.22857142857142856 0.08571428571428572 0.17142857142857143
106 0.2571428571428571 0.08571428571428572 0.17142857142857143
107 0.2571428571428571 0.08571428571428572 0.14285714285714285
108 0.2857142857142857 0.08571428571428572 0.17142857142857143
109 0.2857142857142857 0.08571428571428572 0.17142857142857143
110 0.2857142857142857 0.11428571428571428 0.17142857142857143
111 0.2857142857142857 0.11428571428571428 0.14285714285714285
112 0.3142857142857143 0.11428571428571428 0.14285714285714285
113 0.3142857142857143 0.11428571428571428 0.17142857142857143
114 0.3142857142857143 0.11428571428571428 0.14285714285714285
115 0.3142857142857143 0.11428571428571428 0.14285714285714285
116 0.3142857142857143 0.11428571428571428 0.17142857142857143
117 0.2857142857142857 0.08571428571428572 0.14285714285714285
118 0.2857142857142857 0.08571428571428572 0.17142857142857143
119 0.2857142857142857 0.08571428571428572 0.17142857142857143
120 0.2857142857142857 0.08571428571428572 0.17142857142857143
121 0.2857142857142857 0.11428571428571428 0.2
122 0.2857142857142857 0.08571428571428572 0.17142857142857143
123 0.2857142857142857 0.08571428571428572 0.17142857142857143
124 0.2857142857142857 0.08571428571428572 0.17142857142857143
125 0.2857142857142857 0.08571428571428572 0.2
126 0.2857142857142857 0.08571428571428572 0.2
127 0.2571428571428571 0.08571428571428572 0.2
128 0.2571428571428571 0.08571428571428572 0.2
129 0.2571428571428571 0.08571428571428572 0.2
130 0.2571428571428571 0.05714285714285714 0.2
131 0.2571428571428571 0.05714285714285714 0.22857142857142856
132 0.22857142857142856 0.05714285714285714 0.22857142857142856
133 0.22857142857142856 0.05714285714285714 0.2
134 0.2 0.02857142857142857 0.2
135 0.2 0.02857142857142857 0.2
136 0.22857142857142856 0.02857142857142857 0.22857142857142856
137 0.22857142857142856 0.02857142857142857 0.22857142857142856
138 0.2571428571428571 0.02857142857142857 0.22857142857142856
139 0.2571428571428571 0.02857142857142857 0.2
140 0.2571428571428571 0.02857142857142857 0.2
141 0.2571428571428571 0.02857142857142857 0.2
142 0.22857142857142856 0.02857142857142857 0.17142857142857143
143 0.22857142857142856 0.02857142857142857 0.2
144 0.22857142857142856 0.02857142857142857 0.17142857142857143
145 0.22857142857142856 0.02857142857142857 0.17142857142857143
146 0.22857142857142856 0.0 0.17142857142857143
147 0.22857142857142856 0.0 0.17142857142857143
148 0.22857142857142856 0.0 0.17142857142857143
149 0.22857142857142856 0.0 0.14285714285714285
150 0.22857142857142856 0.0 0.14285714285714285
151 0.22857142857142856 0.0 0.14285714285714285
152 0.22857142857142856 0.0 0.14285714285714285
153 0.22857142857142856 0.02857142857142857 0.14285714285714285
154 0.2571428571428571 0.02857142857142857 0.11428571428571428
155 0.2571428571428571 0.02857142857142857 0.11428571428571428
156 0.2571428571428571 0.02857142857142857 0.14285714285714285
157 0.2571428571428571 0.02857142857142857 0.11428571428571428
158 0.2571428571428571 0.02857142857142857 0.11428571428571428
159 0.2571428571428571 0.05714285714285714 0.14285714285714285
160 0.2857142857142857 0.05714285714285714 0.14285714285714285
161 0.2857142857142857 0.05714285714285714 0.11428571428571428
162 0.22857142857142856 0.05714285714285714 0.11428571428571428
163 0.22857142857142856 0.05714285714285714 0.11428571428571428
164 0.2571428571428571 0.05714285714285714 0.14285714285714285
165 0.2571428571428571 0.05714285714285714 0.14285714285714285
166 0.2571428571428571 0.05714285714285714 0.14285714285714285
167 0.22857142857142856 0.05714285714285714 0.17142857142857143
168 0.22857142857142856 0.05714285714285714 0.14285714285714285
169 0.22857142857142856 0.05714285714285714 0.14285714285714285
170 0.2 0.05714285714285714 0.14285714285714285
171 0.2 0.05714285714285714 0.11428571428571428
172 0.2 0.08571428571428572 0.11428571428571428
173 0.2 0.08571428571428572 0.11428571428571428
174 0.2 0.08571428571428572 0.11428571428571428
175 0.2 0.08571428571428572 0.11428571428571428
176 0.2 0.05714285714285714 0.11428571428571428
177 0.2 0.05714285714285714 0.11428571428571428
178 0.2 0.05714285714285714 0.11428571428571428
179 0.22857142857142856 0.05714285714285714 0.11428571428571428
180 0.22857142857142856 0.05714285714285714 0.11428571428571428
181 0.2571428571428571 0.05714285714285714 0.08571428571428572
182 0.2857142857142857 0.05714285714285714 0.11428571428571428
183 0.2857142857142857 0.05714285714285714 0.11428571428571428
184 0.2857142857142857 0.05714285714285714 0.08571428571428572
185 0.2857142857142857 0.02857142857142857 0.08571428571428572
186 0.2857142857142857 0.02857142857142857 0.08571428571428572
187 0.2857142857142857 0.02857142857142857 0.11428571428571428
188 0.2857142857142857 0.02857142857142857 0.11428571428571428
189 0.2857142857142857 0.02857142857142857 0.11428571428571428
190 0.2857142857142857 0.02857142857142857 0.11428571428571428
191 0.2857142857142857 0.05714285714285714 0.11428571428571428
192 0.2857142857142857 0.05714285714285714 0.08571428571428572
193 0.2857142857142857 0.05714285714285714 0.08571428571428572
194 0.2857142857142857 0.05714285714285714 0.08571428571428572
195 0.2857142857142857 0.08571428571428572 0.08571428571428572
196 0.2571428571428571 0.08571428571428572 0.08571428571428572
197 0.2857142857142857 0.05714285714285714 0.08571428571428572
198 0.2857142857142857 0.05714285714285714 0.08571428571428572
199 0.2857142857142857 0.05714285714285714 0.08571428571428572
200 0.2857142857142857 0.05714285714285714 0.08571428571428572
201 0.2857142857142857 0.05714285714285714 0.08571428571428572
202 0.3142857142857143 0.05714285714285714 0.08571428571428572
203 0.3142857142857143 0.05714285714285714 0.11428571428571428
204 0.3142857142857143 0.08571428571428572 0.11428571428571428
205 0.37142857142857144 0.08571428571428572 0.11428571428571428
206 0.4 0.08571428571428572 0.11428571428571428
207 0.4 0.11428571428571428 0.11428571428571428
208 0.4 0.11428571428571428 0.08571428571428572
209 0.4 0.11428571428571428 0.11428571428571428
210 0.37142857142857144 0.11428571428571428 0.11428571428571428
211 0.37142857142857144 0.11428571428571428 0.08571428571428572
212 0.37142857142857144 0.14285714285714285 0.08571428571428572
213 0.37142857142857144 0.17142857142857143 0.08571428571428572
214 0.37142857142857144 0.17142857142857143 0.08571428571428572
215 0.37142857142857144 0.14285714285714285 0.08571428571428572
216 0.4 0.17142857142857143 0.08571428571428572
217 0.4 0.17142857142857143 0.08571428571428572
218 0.37142857142857144 0.17142857142857143 0.08571428571428572
219 0.37142857142857144 0.17142857142857143 0.08571428571428572
220 0.34285714285714286 0.14285714285714285 0.11428571428571428
221 0.34285714285714286 0.14285714285714285 0.11428571428571428
222 0.34285714285714286 0.17142857142857143 0.11428571428571428
223 0.34285714285714286 0.17142857142857143 0.11428571428571428
224 0.34285714285714286 0.17142857142857143 0.14285714285714285
225 0.34285714285714286 0.17142857142857143 0.14285714285714285
226 0.34285714285714286 0.17142857142857143 0.14285714285714285
227 0.34285714285714286 0.2 0.14285714285714285
228 0.37142857142857144 0.2 0.14285714285714285
229 0.37142857142857144 0.17142857142857143 0.11428571428571428
230 0.4 0.17142857142857143 0.11428571428571428
231 0.4 0.17142857142857143 0.11428571428571428
232 0.4 0.2 0.11428571428571428
233 0.42857142857142855 0.17142857142857143 0.11428571428571428
234 0.4 0.17142857142857143 0.08571428571428572
235 0.4 0.17142857142857143 0.11428571428571428
236 0.34285714285714286 0.14285714285714285 0.11428571428571428
237 0.34285714285714286 0.14285714285714285 0.11428571428571428
238 0.34285714285714286 0.11428571428571428 0.11428571428571428
239 0.3142857142857143 0.11428571428571428 0.11428571428571428
240 0.2857142857142857 0.11428571428571428 0.08571428571428572
241 0.2857142857142857 0.14285714285714285 0.08571428571428572
242 0.2857142857142857 0.11428571428571428 0.08571428571428572
243 0.2857142857142857 0.11428571428571428 0.08571428571428572
244 0.2857142857142857 0.11428571428571428 0.05714285714285714
245 0.2571428571428571 0.14285714285714285 0.05714285714285714
246 0.2571428571428571 0.14285714285714285 0.05714285714285714
247 0.2571428571428571 0.14285714285714285 0.05714285714285714
248 0.2857142857142857 0.11428571428571428 0.02857142857142857
249 0.2571428571428571 0.14285714285714285 0.05714285714285714
250 0.2571428571428571 0.14285714285714285 0.05714285714285714
251 0.2571428571428571 0.14285714285714285 0.05714285714285714
252 0.2571428571428571 0.14285714285714285 0.05714285714285714
253 0.2571428571428571 0.11428571428571428 0.08571428571428572
254 0.2571428571428571 0.11428571428571428 0.08571428571428572
255 0.2857142857142857 0.11428571428571428 0.08571428571428572
256 0.2857142857142857 0.11428571428571428 0.08571428571428572
257 0.2571428571428571 0.11428571428571428 0.08571428571428572
258 0.3142857142857143 0.11428571428571428 0.08571428571428572
259 0.3142857142857143 0.08571428571428572 0.11428571428571428
260 0.3142857142857143 0.08571428571428572 0.11428571428571428
261 0.2857142857142857 0.08571428571428572 0.08571428571428572
262 0.2571428571428571 0.11428571428571428 0.11428571428571428
263 0.2571428571428571 0.11428571428571428 0.11428571428571428
264 0.2571428571428571 0.11428571428571428 0.11428571428571428
265 0.2571428571428571 0.11428571428571428 0.14285714285714285
266 0.2571428571428571 0.11428571428571428 0.14285714285714285
267 0.22857142857142856 0.11428571428571428 0.17142857142857143
268 0.22857142857142856 0.11428571428571428 0.17142857142857143
269 0.2 0.11428571428571428 0.17142857142857143
270 0.2 0.08571428571428572 0.17142857142857143
271 0.2 0.11428571428571428 0.17142857142857143
272 0.2 0.11428571428571428 0.2
273 0.2 0.11428571428571428 0.2
274 0.2 0.08571428571428572 0.17142857142857143
275 0.22857142857142856 0.08571428571428572 0.17142857142857143
276 0.22857142857142856 0.08571428571428572 0.17142857142857143
277 0.22857142857142856 0.08571428571428572 0.17142857142857143
278 0.22857142857142856 0.08571428571428572 0.2
279 0.22857142857142856 0.08571428571428572 0.17142857142857143
280 0.2571428571428571 0.11428571428571428 0.17142857142857143
281 0.2571428571428571 0.11428571428571428 0.2
282 0.2571428571428571 0.11428571428571428 0.2
283 0.2571428571428571 0.11428571428571428 0.17142857142857143
284 0.2571428571428571 0.11428571428571428 0.17142857142857143
285 0.22857142857142856 0.11428571428571428 0.22857142857142856
286 0.2571428571428571 0.11428571428571428 0.22857142857142856
287 0.2571428571428571 0.08571428571428572 0.22857142857142856
288 0.2571428571428571 0.08571428571428572 0.2
289 0.2571428571428571 0.08571428571428572 0.22857142857142856
290 0.22857142857142856 0.08571428571428572 0.22857142857142856
291 0.22857142857142856 0.08571428571428572 0.17142857142857143
292 0.22857142857142856 0.05714285714285714 0.17142857142857143
293 0.22857142857142856 0.05714285714285714 0.17142857142857143
294 0.22857142857142856 0.05714285714285714 0.17142857142857143
295 0.22857142857142856 0.02857142857142857 0.17142857142857143
296 0.22857142857142856 0.02857142857142857 0.14285714285714285
297 0.22857142857142856 0.05714285714285714 0.14285714285714285
298 0.22857142857142856 0.05714285714285714 0.14285714285714285
299 0.22857142857142856 0.05714285714285714 0.14285714285714285
300 0.22857142857142856 0.05714285714285714 0.14285714285714285
301 0.22857142857142856 0.05714285714285714 0.14285714285714285
302 0.2571428571428571 0.05714285714285714 0.11428571428571428
303 0.2571428571428571 0.05714285714285714 0.11428571428571428
304 0.2571428571428571 0.05714285714285714 0.11428571428571428
305 0.2857142857142857 0.05714285714285714 0.11428571428571428
306 0.3142857142857143 0.05714285714285714 0.08571428571428572
307 0.3142857142857143 0.05714285714285714 0.08571428571428572
308 0.3142857142857143 0.05714285714285714 0.08571428571428572
309 0.2857142857142857 0.05714285714285714 0.08571428571428572
310 0.2857142857142857 0.05714285714285714 0.05714285714285714
311 0.2857142857142857 0.05714285714285714 0.02857142857142857
312 0.2571428571428571 0.05714285714285714 0.05714285714285714
313 0.2571428571428571 0.05714285714285714 0.05714285714285714
314 0.2571428571428571 0.05714285714285714 0.05714285714285714
315 0.2857142857142857 0.05714285714285714 0.02857142857142857
316 0.2857142857142857 0.05714285714285714 0.02857142857142857
317 0.2571428571428571 0.08571428571428572 0.02857142857142857
318 0.2857142857142857 0.08571428571428572 0.02857142857142857
319 0.2857142857142857 0.08571428571428572 0.02857142857142857
320 0.2857142857142857 0.08571428571428572 0.02857142857142857
321 0.2857142857142857 0.08571428571428572 0.02857142857142857
322 0.2857142857142857 0.08571428571428572 0.02857142857142857
323 0.2857142857142857 0.08571428571428572 0.05714285714285714
324 0.2857142857142857 0.08571428571428572 0.05714285714285714
325 0.2857142857142857 0.08571428571428572 0.11428571428571428
326 0.2857142857142857 0.11428571428571428 0.11428571428571428
327 0.2571428571428571 0.11428571428571428 0.11428571428571428
328 0.2571428571428571 0.11428571428571428 0.11428571428571428
329 0.2571428571428571 0.11428571428571428 0.14285714285714285
330 0.2857142857142857 0.11428571428571428 0.14285714285714285
331 0.2571428571428571 0.11428571428571428 0.14285714285714285
332 0.2857142857142857 0.11428571428571428 0.14285714285714285
333 0.2857142857142857 0.14285714285714285 0.14285714285714285
334 0.2857142857142857 0.14285714285714285 0.14285714285714285
335 0.2857142857142857 0.17142857142857143 0.14285714285714285
336 0.2571428571428571 0.17142857142857143 0.14285714285714285
337 0.2571428571428571 0.17142857142857143 0.11428571428571428
338 0.2571428571428571 0.17142857142857143 0.11428571428571428
339 0.2571428571428571 0.2 0.11428571428571428
340 0.2857142857142857 0.2 0.11428571428571428
341 0.2857142857142857 0.2 0.11428571428571428
342 0.2571428571428571 0.17142857142857143 0.11428571428571428
343 0.2571428571428571 0.17142857142857143 0.11428571428571428
344 0.2571428571428571 0.17142857142857143 0.11428571428571428
345 0.2571428571428571 0.17142857142857143 0.14285714285714285
346 0.2571428571428571 0.14285714285714285 0.14285714285714285
347 0.2571428571428571 0.14285714285714285 0.11428571428571428
348 0.2571428571428571 0.14285714285714285 0.14285714285714285
349 0.2571428571428571 0.17142857142857143 0.14285714285714285
350 0.2571428571428571 0.17142857142857143 0.11428571428571428
351 0.2571428571428571 0.17142857142857143 0.08571428571428572
352 0.2571428571428571 0.14285714285714285 0.08571428571428572
353 0.2571428571428571 0.14285714285714285 0.08571428571428572
354 0.2571428571428571 0.14285714285714285 0.08571428571428572
355 0.2857142857142857 0.17142857142857143 0.08571428571428572
356 0.2857142857142857 0.14285714285714285 0.08571428571428572
357 0.2857142857142857 0.14285714285714285 0.11428571428571428
358 0.3142857142857143 0.11428571428571428 0.11428571428571428
359 0.2857142857142857 0.14285714285714285 0.11428571428571428
360 0.3142857142857143 0.11428571428571428 0.11428571428571428
361 0.3142857142857143 0.11428571428571428 0.14285714285714285
362 0.3142857142857143 0.11428571428571428 0.14285714285714285
363 0.2857142857142857 0.08571428571428572 0.14285714285714285
364 0.2857142857142857 0.08571428571428572 0.14285714285714285
365 0.2857142857142857 0.08571428571428572 0.14285714285714285
366 0.2857142857142857 0.08571428571428572 0.14285714285714285
367 0.2857142857142857 0.08571428571428572 0.14285714285714285
368 0.2571428571428571 0.08571428571428572 0.17142857142857143
369 0.2571428571428571 0.08571428571428572 0.14285714285714285
370 0.2571428571428571 0.08571428571428572 0.14285714285714285
371 0.22857142857142856 0.08571428571428572 0.17142857142857143
372 0.22857142857142856 0.11428571428571428 0.17142857142857143
373 0.22857142857142856 0.11428571428571428 0.14285714285714285
374 0.2 0.08571428571428572 0.14285714285714285
375 0.2 0.08571428571428572 0.17142857142857143
376 0.2 0.08571428571428572 0.17142857142857143
377 0.2 0.11428571428571428 0.17142857142857143
378 0.22857142857142856 0.11428571428571428 0.14285714285714285
379 0.22857142857142856 0.08571428571428572 0.17142857142857143
380 0.22857142857142856 0.08571428571428572 0.17142857142857143
381 0.22857142857142856 0.08571428571428572 0.17142857142857143
382 0.2571428571428571 0.08571428571428572 0.17142857142857143
383 0.22857142857142856 0.05714285714285714 0.14285714285714285
384 0.22857142857142856 0.05714285714285714 0.14285714285714285
385 0.2 0.05714285714285714 0.14285714285714285
386 0.2 0.05714285714285714 0.14285714285714285
387 0.2 0.05714285714285714 0.14285714285714285
388 0.2 0.05714285714285714 0.14285714285714285
389 0.2 0.08571428571428572 0.17142857142857143
390 0.22857142857142856 0.08571428571428572 0.17142857142857143
391 0.22857142857142856 0.08571428571428572 0.17142857142857143
392 0.22857142857142856 0.08571428571428572 0.2
393 0.2 0.08571428571428572 0.2
394 0.17142857142857143 0.08571428571428572 0.17142857142857143
395 0.17142857142857143 0.11428571428571428 0.17142857142857143
396 0.17142857142857143 0.11428571428571428 0.14285714285714285
397 0.17142857142857143 0.08571428571428572 0.17142857142857143
398 0.17142857142857143 0.08571428571428572 0.17142857142857143
399 0.17142857142857143 0.08571428571428572 0.14285714285714285
400 0.17142857142857143 0.08571428571428572 0.14285714285714285
401 0.17142857142857143 0.08571428571428572 0.14285714285714285
402 0.17142857142857143 0.05714285714285714 0.14285714285714285
403 0.2 0.05714285714285714 0.14285714285714285
404 0.2 0.05714285714285714 0.14285714285714285
405 0.22857142857142856 0.05714285714285714 0.11428571428571428
406 0.22857142857142856 0.05714285714285714 0.11428571428571428
407 0.22857142857142856 0.05714285714285714 0.14285714285714285
408 0.2 0.08571428571428572 0.14285714285714285
409 0.2 0.08571428571428572 0.14285714285714285
410 0.2 0.08571428571428572 0.14285714285714285
411 0.22857142857142856 0.08571428571428572 0.14285714285714285
412 0.22857142857142856 0.11428571428571428 0.11428571428571428
413 0.17142857142857143 0.11428571428571428 0.14285714285714285
414 0.17142857142857143 0.11428571428571428 0.14285714285714285
415 0.17142857142857143 0.08571428571428572 0.14285714285714285
416 0.17142857142857143 0.08571428571428572 0.17142857142857143
417 0.17142857142857143 0.11428571428571428 0.14285714285714285
418 0.17142857142857143 0.08571428571428572 0.14285714285714285
419 0.17142857142857143 0.08571428571428572 0.14285714285714285
420 0.17142857142857143 0.08571428571428572 0.14285714285714285
421 0.17142857142857143 0.11428571428571428 0.17142857142857143
422 0.17142857142857143 0.11428571428571428 0.14285714285714285
423 0.17142857142857143 0.11428571428571428 0.14285714285714285
424 0.17142857142857143 0.11428571428571428 0.14285714285714285
425 0.2 0.11428571428571428 0.17142857142857143
426 0.2 0.11428571428571428 0.17142857142857143
427 0.2 0.11428571428571428 0.17142857142857143
428 0.2 0.11428571428571428 0.17142857142857143
429 0.22857142857142856 0.11428571428571428 0.2
430 0.2571428571428571 0.11428571428571428 0.2
431 0.2857142857142857 0.14285714285714285 0.2
432 0.2857142857142857 0.14285714285714285 0.2
433 0.2857142857142857 0.14285714285714285 0.2
434 0.2857142857142857 0.14285714285714285 0.17142857142857143
435 0.2571428571428571 0.14285714285714285 0.2
436 0.2571428571428571 0.11428571428571428 0.2
437 0.2571428571428571 0.11428571428571428 0.17142857142857143
438 0.2571428571428571 0.11428571428571428 0.17142857142857143
439 0.2571428571428571 0.11428571428571428 0.2
440 0.2571428571428571 0.11428571428571428 0.2
441 0.2571428571428571 0.08571428571428572 0.2
442 0.2857142857142857 0.08571428571428572 0.17142857142857143
443 0.2571428571428571 0.08571428571428572 0.17142857142857143
444 0.2571428571428571 0.08571428571428572 0.17142857142857143
445 0.22857142857142856 0.08571428571428572 0.14285714285714285
446 0.22857142857142856 0.08571428571428572 0.14285714285714285
447 0.22857142857142856 0.05714285714285714 0.14285714285714285
448 0.22857142857142856 0.08571428571428572 0.14285714285714285
449 0.22857142857142856 0.08571428571428572 0.14285714285714285
450 0.2571428571428571 0.08571428571428572 0.11428571428571428
451 0.2571428571428571 0.08571428571428572 0.11428571428571428
452 0.2571428571428571 0.11428571428571428 0.11428571428571428
453 0.2857142857142857 0.11428571428571428 0.08571428571428572
454 0.2857142857142857 0.11428571428571428 0.11428571428571428
455 0.2857142857142857 0.08571428571428572 0.11428571428571428
456 0.2857142857142857 0.08571428571428572 0.11428571428571428
457 0.3142857142857143 0.08571428571428572 0.11428571428571428
458 0.2857142857142857 0.08571428571428572 0.11428571428571428
459 0.2857142857142857 0.05714285714285714 0.11428571428571428
460 0.2857142857142857 0.05714285714285714 0.08571428571428572
461 0.2857142857142857 0.05714285714285714 0.08571428571428572
462 0.2857142857142857 0.05714285714285714 0.08571428571428572
463 0.2857142857142857 0.05714285714285714 0.08571428571428572
464 0.2857142857142857 0.05714285714285714 0.08571428571428572
465 0.2857142857142857 0.08571428571428572 0.08571428571428572
466 0.2857142857142857 0.08571428571428572 0.08571428571428572
467 0.2571428571428571 0.08571428571428572 0.08571428571428572
468 0.2857142857142857 0.08571428571428572 0.11428571428571428
469 0.2857142857142857 0.08571428571428572 0.11428571428571428
470 0.2857142857142857 0.08571428571428572 0.11428571428571428
471 0.2857142857142857 0.08571428571428572 0.11428571428571428
472 0.2857142857142857 0.05714285714285714 0.11428571428571428
473 0.2857142857142857 0.05714285714285714 0.14285714285714285
474 0.2857142857142857 0.05714285714285714 0.14285714285714285
475 0.2857142857142857 0.05714285714285714 0.14285714285714285
476 0.2857142857142857 0.08571428571428572 0.14285714285714285
477 0.2857142857142857 0.08571428571428572 0.14285714285714285
478 0.2857142857142857 0.05714285714285714 0.14285714285714285
479 0.2571428571428571 0.05714285714285714 0.14285714285714285
480 0.3142857142857143 0.05714285714285714 0.14285714285714285
481 0.3142857142857143 0.05714285714285714 0.14285714285714285
482 0.34285714285714286 0.05714285714285714 0.11428571428571428
483 0.34285714285714286 0.05714285714285714 0.11428571428571428
484 0.3142857142857143 0.08571428571428572 0.11428571428571428
485 0.3142857142857143 0.08571428571428572 0.14285714285714285
486 0.3142857142857143 0.08571428571428572 0.14285714285714285
487 0.3142857142857143 0.08571428571428572 0.14285714285714285
488 0.3142857142857143 0.08571428571428572 0.11428571428571428
489 0.3142857142857143 0.08571428571428572 0.14285714285714285
490 0.3142857142857143 0.08571428571428572 0.14285714285714285
491 0.3142857142857143 0.11428571428571428 0.14285714285714285
492 0.3142857142857143 0.08571428571428572 0.14285714285714285
493 0.3142857142857143 0.08571428571428572 0.14285714285714285
494 0.3142857142857143 0.08571428571428572 0.14285714285714285
495 0.3142857142857143 0.08571428571428572 0.14285714285714285
496 0.2857142857142857 0.08571428571428572 0.14285714285714285
497 0.2857142857142857 0.11428571428571428 0.14285714285714285
498 0.2857142857142857 0.11428571428571428 0.11428571428571428
499 0.2857142857142857 0.11428571428571428 0.14285714285714285
500 0.2857142857142857 0.08571428571428572 0.14285714285714285
501 0.2571428571428571 0.08571428571428572 0.14285714285714285
502 0.2571428571428571 0.08571428571428572 0.14285714285714285
503 0.2571428571428571 0.08571428571428572 0.14285714285714285
504 0.2571428571428571 0.08571428571428572 0.11428571428571428
505 0.2571428571428571 0.08571428571428572 0.11428571428571428
506 0.2571428571428571 0.08571428571428572 0.11428571428571428
507 0.3142857142857143 0.08571428571428572 0.11428571428571428
508 0.3142857142857143 0.08571428571428572 0.11428571428571428
509 0.3142857142857143 0.08571428571428572 0.08571428571428572
510 0.3142857142857143 0.08571428571428572 0.08571428571428572
511 0.2857142857142857 0.08571428571428572 0.08571428571428572
512 0.2857142857142857 0.08571428571428572 0.08571428571428572
513 0.2857142857142857 0.08571428571428572 0.11428571428571428
514 0.2857142857142857 0.08571428571428572 0.08571428571428572
515 0.2857142857142857 0.11428571428571428 0.08571428571428572
516 0.22857142857142856 0.11428571428571428 0.08571428571428572
517 0.22857142857142856 0.08571428571428572 0.08571428571428572
518 0.2571428571428571 0.08571428571428572 0.08571428571428572
519 0.2571428571428571 0.08571428571428572 0.08571428571428572
520 0.22857142857142856 0.08571428571428572 0.08571428571428572
521 0.22857142857142856 0.08571428571428572 0.11428571428571428
522 0.22857142857142856 0.08571428571428572 0.11428571428571428
523 0.22857142857142856 0.08571428571428572 0.11428571428571428
524 0.22857142857142856 0.08571428571428572 0.08571428571428572
525 0.2571428571428571 0.08571428571428572 0.11428571428571428
526 0.2571428571428571 0.08571428571428572 0.11428571428571428
527 0.2571428571428571 0.08571428571428572 0.11428571428571428
528 0.2857142857142857 0.08571428571428572 0.11428571428571428
529 0.2857142857142857 0.11428571428571428 0.14285714285714285
530 0.3142857142857143 0.11428571428571428 0.14285714285714285
531 0.3142857142857143 0.11428571428571428 0.17142857142857143
532 0.3142857142857143 0.11428571428571428 0.17142857142857143
533 0.37142857142857144 0.08571428571428572 0.17142857142857143
534 0.37142857142857144 0.08571428571428572 0.17142857142857143
535 0.34285714285714286 0.08571428571428572 0.2
536 0.34285714285714286 0.08571428571428572 0.2
537 0.34285714285714286 0.08571428571428572 0.22857142857142856
538 0.3142857142857143 0.08571428571428572 0.22857142857142856
539 0.2857142857142857 0.08571428571428572 0.2
540 0.2857142857142857 0.08571428571428572 0.22857142857142856
541 0.2571428571428571 0.08571428571428572 0.22857142857142856
542 0.2571428571428571 0.08571428571428572 0.22857142857142856
543 0.2571428571428571 0.08571428571428572 0.22857142857142856
544 0.22857142857142856 0.08571428571428572 0.22857142857142856
545 0.22857142857142856 0.08571428571428572 0.22857142857142856
546 0.22857142857142856 0.05714285714285714 0.2
547 0.22857142857142856 0.05714285714285714 0.2
548 0.22857142857142856 0.05714285714285714 0.2
549 0.22857142857142856 0.05714285714285714 0.2
550 0.22857142857142856 0.05714285714285714 0.2
551 0.22857142857142856 0.05714285714285714 0.2
552 0.22857142857142856 0.05714285714285714 0.2
553 0.22857142857142856 0.05714285714285714 0.17142857142857143
554 0.22857142857142856 0.02857142857142857 0.2
555 0.2857142857142857 0.05714285714285714 0.2
556 0.2857142857142857 0.05714285714285714 0.2
557 0.2857142857142857 0.05714285714285714 0.17142857142857143
558 0.2857142857142857 0.05714285714285714 0.17142857142857143
559 0.2857142857142857 0.05714285714285714 0.17142857142857143
560 0.2857142857142857 0.05714285714285714 0.17142857142857143
561 0.2857142857142857 0.05714285714285714 0.14285714285714285
562 0.2571428571428571 0.08571428571428572 0.11428571428571428
563 0.2571428571428571 0.08571428571428572 0.11428571428571428
564 0.2571428571428571 0.08571428571428572 0.11428571428571428
565 0.2857142857142857 0.08571428571428572 0.11428571428571428
566 0.2571428571428571 0.05714285714285714 0.11428571428571428
567 0.2571428571428571 0.05714285714285714 0.11428571428571428
568 0.2571428571428571 0.05714285714285714 0.11428571428571428
569 0.2571428571428571 0.05714285714285714 0.11428571428571428
570 0.2571428571428571 0.05714285714285714 0.08571428571428572
571 0.2571428571428571 0.05714285714285714 0.08571428571428572
572 0.2571428571428571 0.05714285714285714 0.08571428571428572
573 0.2571428571428571 0.05714285714285714 0.11428571428571428
574 0.2857142857142857 0.05714285714285714 0.11428571428571428
575 0.2857142857142857 0.05714285714285714 0.08571428571428572
576 0.2571428571428571 0.05714285714285714 0.08571428571428572
577 0.2571428571428571 0.08571428571428572 0.08571428571428572
578 0.2571428571428571 0.08571428571428572 0.08571428571428572
579 0.2571428571428571 0.08571428571428572 0.05714285714285714
580 0.2857142857142857 0.05714285714285714 0.05714285714285714
581 0.2571428571428571 0.05714285714285714 0.05714285714285714
582 0.2571428571428571 0.05714285714285714 0.05714285714285714
583 0.22857142857142856 0.05714285714285714 0.05714285714285714
584 0.2571428571428571 0.05714285714285714 0.05714285714285714
585 0.2571428571428571 0.05714285714285714 0.05714285714285714
586 0.22857142857142856 0.05714285714285714 0.08571428571428572
587 0.2 0.02857142857142857 0.08571428571428572
588 0.17142857142857143 0.02857142857142857 0.11428571428571428
589 0.17142857142857143 0.02857142857142857 0.11428571428571428
590 0.2 0.02857142857142857 0.11428571428571428
591 0.2 0.05714285714285714 0.08571428571428572
592 0.2 0.05714285714285714 0.08571428571428572
593 0.2 0.05714285714285714 0.08571428571428572
594 0.2 0.05714285714285714 0.08571428571428572
595 0.22857142857142856 0.08571428571428572 0.08571428571428572
596 0.22857142857142856 0.08571428571428572 0.08571428571428572
597 0.22857142857142856 0.08571428571428572 0.05714285714285714
598 0.22857142857142856 0.08571428571428572 0.05714285714285714
599 0.22857142857142856 0.08571428571428572 0.05714285714285714
600 0.22857142857142856 0.11428571428571428 0.05714285714285714
601 0.22857142857142856 0.11428571428571428 0.05714285714285714
602 0.22857142857142856 0.08571428571428572 0.05714285714285714
603 0.22857142857142856 0.08571428571428572 0.05714285714285714
604 0.22857142857142856 0.08571428571428572 0.08571428571428572
605 0.2571428571428571 0.11428571428571428 0.08571428571428572
606 0.2571428571428571 0.11428571428571428 0.08571428571428572
607 0.2857142857142857 0.14285714285714285 0.08571428571428572
608 0.2857142857142857 0.14285714285714285 0.08571428571428572
609 0.2571428571428571 0.14285714285714285 0.08571428571428572
610 0.2571428571428571 0.14285714285714285 0.08571428571428572
611 0.2571428571428571 0.14285714285714285 0.08571428571428572
612 0.2571428571428571 0.14285714285714285 0.08571428571428572
613 0.2571428571428571 0.14285714285714285 0.08571428571428572
614 0.22857142857142856 0.17142857142857143 0.05714285714285714
615 0.22857142857142856 0.14285714285714285 0.05714285714285714
616 0.22857142857142856 0.17142857142857143 0.05714285714285714
617 0.22857142857142856 0.17142857142857143 0.05714285714285714
618 0.22857142857142856 0.17142857142857143 0.05714285714285714
619 0.22857142857142856 0.17142857142857143 0.08571428571428572
620 0.22857142857142856 0.14285714285714285 0.11428571428571428
621 0.2 0.14285714285714285 0.11428571428571428
622 0.2 0.17142857142857143 0.11428571428571428
623 0.2 0.17142857142857143 0.14285714285714285
624 0.2 0.17142857142857143 0.14285714285714285
625 0.2 0.14285714285714285 0.14285714285714285
626 0.2 0.17142857142857143 0.14285714285714285
627 0.2 0.17142857142857143 0.14285714285714285
628 0.2 0.17142857142857143 0.14285714285714285
629 0.2 0.14285714285714285 0.14285714285714285
630 0.22857142857142856 0.17142857142857143 0.14285714285714285
631 0.2571428571428571 0.17142857142857143 0.14285714285714285
632 0.2571428571428571 0.17142857142857143 0.14285714285714285
633 0.22857142857142856 0.14285714285714285 0.14285714285714285
634 0.2571428571428571 0.17142857142857143 0.11428571428571428
635 0.2571428571428571 0.17142857142857143 0.11428571428571428
636 0.22857142857142856 0.17142857142857143 0.11428571428571428
637 0.2571428571428571 0.17142857142857143 0.11428571428571428
638 0.2571428571428571 0.14285714285714285 0.14285714285714285
639 0.2571428571428571 0.17142857142857143 0.14285714285714285
640 0.2571428571428571 0.17142857142857143 0.14285714285714285
641 0.22857142857142856 0.17142857142857143 0.17142857142857143
642 0.22857142857142856 0.14285714285714285 0.17142857142857143
643 0.22857142857142856 0.14285714285714285 0.17142857142857143
644 0.22857142857142856 0.17142857142857143 0.17142857142857143
645 0.22857142857142856 0.17142857142857143 0.14285714285714285
646 0.22857142857142856 0.17142857142857143 0.14285714285714285
647 0.2571428571428571 0.14285714285714285 0.14285714285714285
648 0.2571428571428571 0.14285714285714285 0.11428571428571428
649 0.22857142857142856 0.14285714285714285 0.11428571428571428
650 0.22857142857142856 0.14285714285714285 0.11428571428571428
651 0.22857142857142856 0.11428571428571428 0.14285714285714285
652 0.22857142857142856 0.11428571428571428 0.14285714285714285
653 0.2571428571428571 0.11428571428571428 0.14285714285714285
654 0.2857142857142857 0.11428571428571428 0.11428571428571428
655 0.2857142857142857 0.08571428571428572 0.14285714285714285
656 0.2857142857142857 0.08571428571428572 0.14285714285714285
657 0.3142857142857143 0.11428571428571428 0.14285714285714285
658 0.34285714285714286 0.11428571428571428 0.14285714285714285
659 0.3142857142857143 0.11428571428571428 0.17142857142857143
660 0.3142857142857143 0.08571428571428572 0.17142857142857143
661 0.3142857142857143 0.08571428571428572 0.2
662 0.3142857142857143 0.11428571428571428 0.17142857142857143
663 0.3142857142857143 0.11428571428571428 0.2
664 0.3142857142857143 0.11428571428571428 0.2
665 0.2857142857142857 0.08571428571428572 0.2
666 0.2857142857142857 0.11428571428571428 0.17142857142857143
667 0.2857142857142857 0.11428571428571428 0.2
668 0.2857142857142857 0.08571428571428572 0.2
669 0.2857142857142857 0.08571428571428572 0.2
670 0.2857142857142857 0.08571428571428572 0.17142857142857143
671 0.2857142857142857 0.11428571428571428 0.17142857142857143
672 0.2857142857142857 0.11428571428571428 0.17142857142857143
673 0.2857142857142857 0.11428571428571428 0.17142857142857143
674 0.2857142857142857 0.11428571428571428 0.17142857142857143
675 0.2857142857142857 0.11428571428571428 0.17142857142857143
676 0.2857142857142857 0.11428571428571428 0.17142857142857143
677 0.2857142857142857 0.11428571428571428 0.14285714285714285
678 0.2857142857142857 0.11428571428571428 0.17142857142857143
679 0.2857142857142857 0.11428571428571428 0.17142857142857143
680 0.2857142857142857 0.11428571428571428 0.14285714285714285
681 0.2857142857142857 0.11428571428571428 0.14285714285714285
682 0.34285714285714286 0.11428571428571428 0.14285714285714285
683 0.34285714285714286 0.08571428571428572 0.14285714285714285
684 0.37142857142857144 0.08571428571428572 0.11428571428571428
685 0.37142857142857144 0.08571428571428572 0.08571428571428572
686 0.34285714285714286 0.05714285714285714 0.08571428571428572
687 0.34285714285714286 0.05714285714285714 0.08571428571428572
688 0.3142857142857143 0.05714285714285714 0.05714285714285714
689 0.3142857142857143 0.05714285714285714 0.05714285714285714
690 0.3142857142857143 0.05714285714285714 0.05714285714285714
691 0.3142857142857143 0.05714285714285714 0.05714285714285714
692 0.3142857142857143 0.05714285714285714 0.02857142857142857
693 0.3142857142857143 0.05714285714285714 0.02857142857142857
694 0.3142857142857143 0.05714285714285714 0.05714285714285714
695 0.2857142857142857 0.02857142857142857 0.05714285714285714
696 0.3142857142857143 0.02857142857142857 0.05714285714285714
697 0.3142857142857143 0.02857142857142857 0.05714285714285714
698 0.34285714285714286 0.02857142857142857 0.08571428571428572
699 0.34285714285714286 0.02857142857142857 0.08571428571428572
700 0.34285714285714286 0.02857142857142857 0.08571428571428572
701 0.3142857142857143 0.02857142857142857 0.08571428571428572
702 0.3142857142857143 0.02857142857142857 0.08571428571428572
703 0.3142857142857143 0.02857142857142857 0.11428571428571428
704 0.3142857142857143 0.02857142857142857 0.08571428571428572
705 0.37142857142857144 0.05714285714285714 0.08571428571428572
706 0.34285714285714286 0.05714285714285714 0.08571428571428572
707 0.34285714285714286 0.05714285714285714 0.11428571428571428
708 0.34285714285714286 0.05714285714285714 0.11428571428571428
709 0.34285714285714286 0.05714285714285714 0.11428571428571428
710 0.34285714285714286 0.05714285714285714 0.11428571428571428
711 0.34285714285714286 0.05714285714285714 0.14285714285714285
712 0.3142857142857143 0.05714285714285714 0.14285714285714285
713 0.2857142857142857 0.05714285714285714 0.14285714285714285
714 0.2857142857142857 0.05714285714285714 0.14285714285714285
715 0.2857142857142857 0.05714285714285714 0.14285714285714285
716 0.2571428571428571 0.05714285714285714 0.17142857142857143
717 0.2571428571428571 0.08571428571428572 0.17142857142857143
718 0.2571428571428571 0.05714285714285714 0.17142857142857143
719 0.2857142857142857 0.05714285714285714 0.2
720 0.2571428571428571 0.05714285714285714 0.17142857142857143
721 0.2571428571428571 0.05714285714285714 0.17142857142857143
722 0.2571428571428571 0.08571428571428572 0.17142857142857143
723 0.2571428571428571 0.08571428571428572 0.2
724 0.2571428571428571 0.08571428571428572 0.17142857142857143
725 0.2571428571428571 0.08571428571428572 0.17142857142857143
726 0.2571428571428571 0.11428571428571428 0.17142857142857143
727 0.2571428571428571 0.11428571428571428 0.17142857142857143
728 0.2571428571428571 0.11428571428571428 0.14285714285714285
729 0.2571428571428571 0.08571428571428572 0.14285714285714285
730 0.2857142857142857 0.11428571428571428 0.14285714285714285
731 0.2857142857142857 0.11428571428571428 0.14285714285714285
732 0.3142857142857143 0.11428571428571428 0.14285714285714285
733 0.3142857142857143 0.11428571428571428 0.11428571428571428
734 0.3142857142857143 0.11428571428571428 0.11428571428571428
735 0.34285714285714286 0.11428571428571428 0.11428571428571428
736 0.34285714285714286 0.11428571428571428 0.11428571428571428
737 0.34285714285714286 0.11428571428571428 0.08571428571428572
738 0.3142857142857143 0.11428571428571428 0.08571428571428572
739 0.3142857142857143 0.14285714285714285 0.08571428571428572
740 0.3142857142857143 0.14285714285714285 0.08571428571428572
741 0.3142857142857143 0.14285714285714285 0.08571428571428572
742 0.2571428571428571 0.11428571428571428 0.08571428571428572
743 0.2571428571428571 0.11428571428571428 0.08571428571428572
744 0.2571428571428571 0.11428571428571428 0.11428571428571428
745 0.2571428571428571 0.11428571428571428 0.08571428571428572
746 0.2571428571428571 0.11428571428571428 0.08571428571428572
747 0.2571428571428571 0.08571428571428572 0.08571428571428572
748 0.2571428571428571 0.11428571428571428 0.05714285714285714
749 0.2571428571428571 0.11428571428571428 0.08571428571428572
750 0.2571428571428571 0.11428571428571428 0.08571428571428572
751 0.22857142857142856 0.08571428571428572 0.08571428571428572
752 0.22857142857142856 0.08571428571428572 0.08571428571428572
753 0.22857142857142856 0.11428571428571428 0.08571428571428572
754 0.22857142857142856 0.11428571428571428 0.08571428571428572
755 0.2571428571428571 0.11428571428571428 0.08571428571428572
756 0.2571428571428571 0.11428571428571428 0.11428571428571428
757 0.22857142857142856 0.08571428571428572 0.11428571428571428
758 0.2571428571428571 0.08571428571428572 0.11428571428571428
759 0.2571428571428571 0.08571428571428572 0.11428571428571428
760 0.2857142857142857 0.11428571428571428 0.11428571428571428
761 0.2857142857142857 0.11428571428571428 0.11428571428571428
762 0.2571428571428571 0.08571428571428572 0.14285714285714285
763 0.22857142857142856 0.08571428571428572 0.14285714285714285
764 0.22857142857142856 0.08571428571428572 0.14285714285714285
765 0.22857142857142856 0.08571428571428572 0.14285714285714285
766 0.22857142857142856 0.08571428571428572 0.11428571428571428
767 0.22857142857142856 0.08571428571428572 0.11428571428571428
768 0.2 0.08571428571428572 0.11428571428571428
769 0.2 0.08571428571428572 0.11428571428571428
770 0.2 0.08571428571428572 0.11428571428571428
771 0.2 0.11428571428571428 0.08571428571428572
772 0.17142857142857143 0.11428571428571428 0.08571428571428572
773 0.17142857142857143 0.11428571428571428 0.05714285714285714
774 0.17142857142857143 0.08571428571428572 0.08571428571428572
775 0.17142857142857143 0.11428571428571428 0.08571428571428572
776 0.17142857142857143 0.11428571428571428 0.08571428571428572
777 0.17142857142857143 0.11428571428571428 0.08571428571428572
778 0.17142857142857143 0.11428571428571428 0.08571428571428572
779 0.17142857142857143 0.11428571428571428 0.08571428571428572
780 0.2 0.11428571428571428 0.05714285714285714
781 0.2 0.11428571428571428 0.05714285714285714
782 0.2 0.14285714285714285 0.05714285714285714
783 0.2571428571428571 0.14285714285714285 0.05714285714285714
784 0.2571428571428571 0.14285714285714285 0.05714285714285714
785 0.2571428571428571 0.11428571428571428 0.05714285714285714
786 0.2571428571428571 0.11428571428571428 0.05714285714285714
787 0.2571428571428571 0.14285714285714285 0.05714285714285714
788 0.22857142857142856 0.14285714285714285 0.05714285714285714
789 0.22857142857142856 0.14285714285714285 0.05714285714285714
790 0.22857142857142856 0.17142857142857143 0.05714285714285714
791 0.2 0.17142857142857143 0.05714285714285714
792 0.17142857142857143 0.17142857142857143 0.05714285714285714
793 0.17142857142857143 0.17142857142857143 0.05714285714285714
794 0.17142857142857143 0.2 0.08571428571428572
795 0.17142857142857143 0.2 0.08571428571428572
796 0.17142857142857143 0.17142857142857143 0.08571428571428572
797 0.17142857142857143 0.17142857142857143 0.08571428571428572
798 0.17142857142857143 0.17142857142857143 0.08571428571428572
799 0.17142857142857143 0.2 0.05714285714285714
800 0.17142857142857143 0.17142857142857143 0.05714285714285714
801 0.17142857142857143 0.17142857142857143 0.08571428571428572
802 0.17142857142857143 0.17142857142857143 0.08571428571428572
803 0.17142857142857143 0.2 0.11428571428571428
804 0.17142857142857143 0.17142857142857143 0.11428571428571428
805 0.17142857142857143 0.2 0.11428571428571428
806 0.2 0.2 0.11428571428571428
807 0.17142857142857143 0.22857142857142856 0.14285714285714285
808 0.2 0.2 0.14285714285714285
809 0.2 0.2 0.14285714285714285
810 0.2 0.2 0.14285714285714285
811 0.2 0.2 0.14285714285714285
812 0.2 0.2 0.14285714285714285
813 0.17142857142857143 0.2 0.11428571428571428
814 0.17142857142857143 0.2 0.11428571428571428
815 0.14285714285714285 0.22857142857142856 0.11428571428571428
816 0.14285714285714285 0.2 0.11428571428571428
817 0.14285714285714285 0.2 0.14285714285714285
818 0.17142857142857143 0.2 0.14285714285714285
819 0.17142857142857143 0.22857142857142856 0.14285714285714285
820 0.17142857142857143 0.2 0.14285714285714285
821 0.17142857142857143 0.2 0.11428571428571428
822 0.2 0.2 0.11428571428571428
823 0.2 0.22857142857142856 0.11428571428571428
824 0.2 0.2 0.08571428571428572
825 0.2 0.2 0.11428571428571428
826 0.2 0.2 0.11428571428571428
827 0.22857142857142856 0.2 0.11428571428571428
828 0.22857142857142856 0.2 0.14285714285714285
829 0.22857142857142856 0.2 0.14285714285714285
830 0.22857142857142856 0.2 0.14285714285714285
831 0.2857142857142857 0.2 0.17142857142857143
832 0.2857142857142857 0.17142857142857143 0.17142857142857143
833 0.2857142857142857 0.14285714285714285 0.14285714285714285
834 0.2857142857142857 0.14285714285714285 0.14285714285714285
835 0.3142857142857143 0.14285714285714285 0.17142857142857143
836 0.2857142857142857 0.14285714285714285 0.17142857142857143
837 0.2857142857142857 0.11428571428571428 0.17142857142857143
838 0.2857142857142857 0.14285714285714285 0.17142857142857143
839 0.2857142857142857 0.14285714285714285 0.2
840 0.2857142857142857 0.14285714285714285 0.2
841 0.2857142857142857 0.11428571428571428 0.2
842 0.2857142857142857 0.11428571428571428 0.22857142857142856
843 0.2857142857142857 0.11428571428571428 0.2
844 0.2857142857142857 0.11428571428571428 0.2
845 0.2857142857142857 0.11428571428571428 0.22857142857142856
846 0.2857142857142857 0.11428571428571428 0.22857142857142856
847 0.2857142857142857 0.11428571428571428 0.22857142857142856
848 0.3142857142857143 0.11428571428571428 0.2571428571428571
849 0.3142857142857143 0.08571428571428572 0.22857142857142856
850 0.3142857142857143 0.08571428571428572 0.22857142857142856
851 0.3142857142857143 0.08571428571428572 0.22857142857142856
852 0.34285714285714286 0.08571428571428572 0.22857142857142856
853 0.34285714285714286 0.05714285714285714 0.2
854 0.34285714285714286 0.05714285714285714 0.2
855 0.34285714285714286 0.05714285714285714 0.2
856 0.4 0.08571428571428572 0.17142857142857143
857 0.4 0.08571428571428572 0.14285714285714285
858 0.42857142857142855 0.08571428571428572 0.14285714285714285
859 0.42857142857142855 0.08571428571428572 0.11428571428571428
860 0.42857142857142855 0.11428571428571428 0.11428571428571428
861 0.42857142857142855 0.11428571428571428 0.14285714285714285
862 0.4 0.11428571428571428 0.14285714285714285
863 0.42857142857142855 0.11428571428571428 0.14285714285714285
864 0.42857142857142855 0.08571428571428572 0.14285714285714285
865 0.42857142857142855 0.08571428571428572 0.11428571428571428
866 0.4 0.08571428571428572 0.14285714285714285
867 0.4 0.08571428571428572 0.11428571428571428
868 0.4 0.08571428571428572 0.11428571428571428
869 0.4 0.08571428571428572 0.11428571428571428
870 0.4 0.08571428571428572 0.08571428571428572
871 0.4 0.05714285714285714 0.11428571428571428
872 0.4 0.05714285714285714 0.11428571428571428
873 0.4 0.05714285714285714 0.11428571428571428
874 0.4 0.05714285714285714 0.11428571428571428
875 0.42857142857142855 0.05714285714285714 0.11428571428571428
876 0.42857142857142855 0.05714285714285714 0.11428571428571428
877 0.4 0.05714285714285714 0.11428571428571428
878 0.4 0.05714285714285714 0.11428571428571428
879 0.4 0.05714285714285714 0.11428571428571428
880 0.4 0.05714285714285714 0.11428571428571428
881 0.42857142857142855 0.05714285714285714 0.14285714285714285
882 0.4 0.02857142857142857 0.14285714285714285
883 0.4 0.05714285714285714 0.14285714285714285
884 0.4 0.05714285714285714 0.14285714285714285
885 0.42857142857142855 0.05714285714285714 0.14285714285714285
886 0.4 0.02857142857142857 0.14285714285714285
887 0.37142857142857144 0.02857142857142857 0.14285714285714285
888 0.37142857142857144 0.02857142857142857 0.14285714285714285
889 0.34285714285714286 0.02857142857142857 0.14285714285714285
890 0.34285714285714286 0.02857142857142857 0.17142857142857143
891 0.34285714285714286 0.02857142857142857 0.17142857142857143
892 0.3142857142857143 0.02857142857142857 0.14285714285714285
893 0.2857142857142857 0.02857142857142857 0.14285714285714285
894 0.2857142857142857 0.02857142857142857 0.14285714285714285
895 0.2857142857142857 0.02857142857142857 0.14285714285714285
896 0.2857142857142857 0.02857142857142857 0.11428571428571428
897 0.2857142857142857 0.02857142857142857 0.11428571428571428
898 0.2857142857142857 0.02857142857142857 0.11428571428571428
899 0.2857142857142857 0.02857142857142857 0.14285714285714285
900 0.2857142857142857 0.02857142857142857 0.11428571428571428
901 0.2571428571428571 0.02857142857142857 0.11428571428571428
902 0.2571428571428571 0.02857142857142857 0.11428571428571428
903 0.2571428571428571 0.02857142857142857 0.11428571428571428
904 0.2571428571428571 0.02857142857142857 0.14285714285714285
905 0.2571428571428571 0.02857142857142857 0.11428571428571428
906 0.2857142857142857 0.02857142857142857 0.11428571428571428
907 0.2571428571428571 0.02857142857142857 0.11428571428571428
908 0.2571428571428571 0.02857142857142857 0.14285714285714285
909 0.2857142857142857 0.0 0.14285714285714285
910 0.2857142857142857 0.0 0.14285714285714285
911 0.2857142857142857 0.0 0.17142857142857143
912 0.2857142857142857 0.0 0.17142857142857143
913 0.2857142857142857 0.0 0.17142857142857143
914 0.22857142857142856 0.0 0.17142857142857143
915 0.2571428571428571 0.0 0.2
916 0.2571428571428571 0.0 0.17142857142857143
917 0.2571428571428571 0.0 0.2
918 0.2571428571428571 0.0 0.2
919 0.22857142857142856 0.0 0.2
920 0.22857142857142856 0.0 0.22857142857142856
921 0.22857142857142856 0.0 0.22857142857142856
922 0.22857142857142856 0.0 0.22857142857142856
923 0.22857142857142856 0.02857142857142857 0.22857142857142856
924 0.22857142857142856 0.02857142857142857 0.2
925 0.22857142857142856 0.02857142857142857 0.2
926 0.22857142857142856 0.02857142857142857 0.2
927 0.22857142857142856 0.05714285714285714 0.2
928 0.22857142857142856 0.05714285714285714 0.22857142857142856
929 0.22857142857142856 0.05714285714285714 0.2
930 0.22857142857142856 0.05714285714285714 0.2
931 0.22857142857142856 0.05714285714285714 0.2
932 0.22857142857142856 0.05714285714285714 0.2
933 0.22857142857142856 0.05714285714285714 0.2
934 0.2571428571428571 0.05714285714285714 0.2
935 0.2571428571428571 0.05714285714285714 0.22857142857142856
936 0.2571428571428571 0.05714285714285714 0.17142857142857143
937 0.2571428571428571 0.05714285714285714 0.17142857142857143
938 0.2857142857142857 0.05714285714285714 0.2
939 0.2571428571428571 0.05714285714285714 0.17142857142857143
940 0.2571428571428571 0.05714285714285714 0.2
941 0.2571428571428571 0.05714285714285714 0.2
942 0.2571428571428571 0.05714285714285714 0.17142857142857143
943 0.22857142857142856 0.05714285714285714 0.2
944 0.22857142857142856 0.05714285714285714 0.2
945 0.22857142857142856 0.08571428571428572 0.17142857142857143
946 0.22857142857142856 0.08571428571428572 0.17142857142857143
947 0.22857142857142856 0.08571428571428572 0.17142857142857143
948 0.22857142857142856 0.08571428571428572 0.2
949 0.2 0.05714285714285714 0.2
950 0.22857142857142856 0.05714285714285714 0.2
951 0.22857142857142856 0.05714285714285714 0.2
952 0.22857142857142856 0.02857142857142857 0.2
953 0.22857142857142856 0.02857142857142857 0.2
954 0.22857142857142856 0.02857142857142857 0.2
955 0.22857142857142856 0.02857142857142857 0.22857142857142856
956 0.2571428571428571 0.02857142857142857 0.22857142857142856
957 0.2571428571428571 0.02857142857142857 0.2
958 0.2857142857142857 0.02857142857142857 0.2
959 0.2857142857142857 0.02857142857142857 0.22857142857142856
960 0.2857142857142857 0.02857142857142857 0.2571428571428571
961 0.2857142857142857 0.02857142857142857 0.22857142857142856
962 0.2857142857142857 0.02857142857142857 0.22857142857142856
963 0.2571428571428571 0.02857142857142857 0.2571428571428571
964 0.2857142857142857 0.02857142857142857 0.2
965 0.2857142857142857 0.02857142857142857 0.2
966 0.2857142857142857 0.02857142857142857 0.22857142857142856
967 0.2571428571428571 0.02857142857142857 0.22857142857142856
968 0.2571428571428571 0.02857142857142857 0.2
969 0.2571428571428571 0.0 0.2
970 0.22857142857142856 0.0 0.22857142857142856
971 0.22857142857142856 0.0 0.22857142857142856
972 0.22857142857142856 0.0 0.22857142857142856
973 0.22857142857142856 0.0 0.22857142857142856
974 0.2 0.0 0.22857142857142856
975 0.2 0.0 0.22857142857142856
976 0.2 0.0 0.22857142857142856
977 0.2 0.0 0.2
978 0.2 0.0 0.2
979 0.22857142857142856 0.0 0.22857142857142856
980 0.22857142857142856 0.0 0.2
981 0.2571428571428571 0.02857142857142857 0.2
982 0.2571428571428571 0.02857142857142857 0.2
983 0.2857142857142857 0.02857142857142857 0.17142857142857143
984 0.3142857142857143 0.02857142857142857 0.17142857142857143
985 0.3142857142857143 0.02857142857142857 0.2
986 0.3142857142857143 0.02857142857142857 0.17142857142857143
987 0.3142857142857143 0.02857142857142857 0.14285714285714285
988 0.3142857142857143 0.02857142857142857 0.17142857142857143
989 0.2857142857142857 0.02857142857142857 0.17142857142857143
990 0.2857142857142857 0.02857142857142857 0.17142857142857143
991 0.2857142857142857 0.02857142857142857 0.14285714285714285
992 0.2571428571428571 0.05714285714285714 0.17142857142857143
993 0.2571428571428571 0.05714285714285714 0.17142857142857143
994 0.2571428571428571 0.05714285714285714 0.17142857142857143
995 0.2571428571428571 0.05714285714285714 0.14285714285714285
996 0.2571428571428571 0.05714285714285714 0.14285714285714285
997 0.2571428571428571 0.08571428571428572 0.14285714285714285
998 0.2571428571428571 0.08571428571428572 0.14285714285714285
999 0.2571428571428571 0.08571428571428572 0.11428571428571428
1000 0.2571428571428571 0.08571428571428572 0.11428571428571428
1001 0.2571428571428571 0.08571428571428572 0.11428571428571428
1002 0.2857142857142857 0.08571428571428572 0.11428571428571428
1003 0.2857142857142857 0.08571428571428572 0.11428571428571428
1004 0.3142857142857143 0.08571428571428572 0.08571428571428572
1005 0.3142857142857143 0.05714285714285714 0.08571428571428572
1006 0.3142857142857143 0.05714285714285714 0.11428571428571428
1007 0.34285714285714286 0.05714285714285714 0.11428571428571428
1008 0.34285714285714286 0.05714285714285714 0.11428571428571428
1009 0.37142857142857144 0.05714285714285714 0.14285714285714285
1010 0.34285714285714286 0.05714285714285714 0.14285714285714285
1011 0.34285714285714286 0.05714285714285714 0.11428571428571428
1012 0.3142857142857143 0.05714285714285714 0.11428571428571428
1013 0.3142857142857143 0.05714285714285714 0.11428571428571428
1014 0.3142857142857143 0.05714285714285714 0.11428571428571428
1015 0.2571428571428571 0.05714285714285714 0.08571428571428572
1016 0.2571428571428571 0.02857142857142857 0.08571428571428572
1017 0.2571428571428571 0.02857142857142857 0.05714285714285714
1018 0.2571428571428571 0.02857142857142857 0.05714285714285714
1019 0.2571428571428571 0.02857142857142857 0.05714285714285714
1020 0.2571428571428571 0.02857142857142857 0.05714285714285714
1021 0.2571428571428571 0.02857142857142857 0.08571428571428572
1022 0.2857142857142857 0.02857142857142857 0.08571428571428572
1023 0.2857142857142857 0.02857142857142857 0.08571428571428572
1024 0.2857142857142857 0.02857142857142857 0.08571428571428572
1025 0.2857142857142857 0.05714285714285714 0.08571428571428572
1026 0.2857142857142857 0.05714285714285714 0.11428571428571428
1027 0.2857142857142857 0.05714285714285714 0.11428571428571428
1028 0.2857142857142857 0.05714285714285714 0.11428571428571428
1029 0.2857142857142857 0.05714285714285714 0.11428571428571428
1030 0.2857142857142857 0.05714285714285714 0.14285714285714285
1031 0.34285714285714286 0.08571428571428572 0.11428571428571428
1032 0.34285714285714286 0.08571428571428572 0.11428571428571428
1033 0.34285714285714286 0.08571428571428572 0.11428571428571428
1034 0.34285714285714286 0.11428571428571428 0.11428571428571428
1035 0.34285714285714286 0.11428571428571428 0.11428571428571428
1036 0.37142857142857144 0.11428571428571428 0.11428571428571428
1037 0.34285714285714286 0.14285714285714285 0.11428571428571428
1038 0.3142857142857143 0.14285714285714285 0.11428571428571428
1039 0.3142857142857143 0.14285714285714285 0.11428571428571428
1040 0.3142857142857143 0.14285714285714285 0.11428571428571428
1041 0.3142857142857143 0.14285714285714285 0.11428571428571428
1042 0.2857142857142857 0.17142857142857143 0.11428571428571428
1043 0.2857142857142857 0.17142857142857143 0.11428571428571428
1044 0.2857142857142857 0.17142857142857143 0.11428571428571428
1045 0.2857142857142857 0.17142857142857143 0.11428571428571428
1046 0.2857142857142857 0.14285714285714285 0.11428571428571428
1047 0.2857142857142857 0.14285714285714285 0.08571428571428572
1048 0.2857142857142857 0.14285714285714285 0.08571428571428572
1049 0.2857142857142857 0.17142857142857143 0.11428571428571428
1050 0.2857142857142857 0.17142857142857143 0.11428571428571428
1051 0.2571428571428571 0.14285714285714285 0.08571428571428572
1052 0.2571428571428571 0.14285714285714285 0.08571428571428572
1053 0.2571428571428571 0.14285714285714285 0.11428571428571428
1054 0.2571428571428571 0.14285714285714285 0.11428571428571428
1055 0.2571428571428571 0.11428571428571428 0.11428571428571428
1056 0.2571428571428571 0.11428571428571428 0.08571428571428572
1057 0.2571428571428571 0.11428571428571428 0.08571428571428572
1058 0.2571428571428571 0.11428571428571428 0.08571428571428572
1059 0.2571428571428571 0.11428571428571428 0.08571428571428572
1060 0.2 0.08571428571428572 0.08571428571428572
1061 0.22857142857142856 0.08571428571428572 0.08571428571428572
1062 0.22857142857142856 0.11428571428571428 0.08571428571428572
1063 0.2 0.08571428571428572 0.11428571428571428
1064 0.2 0.08571428571428572 0.11428571428571428
1065 0.2 0.08571428571428572 0.11428571428571428
1066 0.2 0.11428571428571428 0.11428571428571428
1067 0.2 0.08571428571428572 0.11428571428571428
1068 0.2 0.08571428571428572 0.11428571428571428
1069 0.2 0.08571428571428572 0.11428571428571428
1070 0.2 0.08571428571428572 0.11428571428571428
1071 0.2 0.08571428571428572 0.11428571428571428
1072 0.22857142857142856 0.08571428571428572 0.11428571428571428
1073 0.22857142857142856 0.08571428571428572 0.11428571428571428
1074 0.2 0.05714285714285714 0.08571428571428572
1075 0.2 0.05714285714285714 0.08571428571428572
1076 0.2 0.08571428571428572 0.08571428571428572
1077 0.2 0.08571428571428572 0.08571428571428572
1078 0.2 0.08571428571428572 0.08571428571428572
1079 0.2 0.08571428571428572 0.08571428571428572
1080 0.2 0.11428571428571428 0.08571428571428572
1081 0.2 0.11428571428571428 0.08571428571428572
1082 0.2 0.11428571428571428 0.11428571428571428
1083 0.22857142857142856 0.11428571428571428 0.08571428571428572
1084 0.2 0.11428571428571428 0.08571428571428572
1085 0.17142857142857143 0.11428571428571428 0.11428571428571428
1086 0.2 0.11428571428571428 0.14285714285714285
1087 0.2 0.08571428571428572 0.14285714285714285
1088 0.17142857142857143 0.08571428571428572 0.14285714285714285
1089 0.17142857142857143 0.08571428571428572 0.14285714285714285
1090 0.17142857142857143 0.08571428571428572 0.14285714285714285
1091 0.14285714285714285 0.08571428571428572 0.14285714285714285
1092 0.14285714285714285 0.05714285714285714 0.14285714285714285
1093 0.14285714285714285 0.05714285714285714 0.14285714285714285
1094 0.14285714285714285 0.05714285714285714 0.17142857142857143
1095 0.14285714285714285 0.05714285714285714 0.17142857142857143
1096 0.14285714285714285 0.05714285714285714 0.17142857142857143
1097 0.14285714285714285 0.05714285714285714 0.2
1098 0.17142857142857143 0.05714285714285714 0.2
1099 0.17142857142857143 0.05714285714285714 0.2
1100 0.17142857142857143 0.05714285714285714 0.22857142857142856
1101 0.17142857142857143 0.05714285714285714 0.22857142857142856
1102 0.17142857142857143 0.05714285714285714 0.22857142857142856
1103 0.17142857142857143 0.05714285714285714 0.2
1104 0.17142857142857143 0.05714285714285714 0.2
1105 0.17142857142857143 0.05714285714285714 0.22857142857142856
1106 0.2 0.05714285714285714 0.22857142857142856
1107 0.2 0.08571428571428572 0.2
1108 0.22857142857142856 0.08571428571428572 0.2
1109 0.2571428571428571 0.08571428571428572 0.2
1110 0.2571428571428571 0.08571428571428572 0.17142857142857143
1111 0.2857142857142857 0.08571428571428572 0.17142857142857143
1112 0.2571428571428571 0.11428571428571428 0.17142857142857143
1113 0.2571428571428571 0.11428571428571428 0.17142857142857143
1114 0.2571428571428571 0.11428571428571428 0.14285714285714285
1115 0.2571428571428571 0.11428571428571428 0.14285714285714285
1116 0.22857142857142856 0.11428571428571428 0.17142857142857143
1117 0.22857142857142856 0.14285714285714285 0.17142857142857143
1118 0.22857142857142856 0.14285714285714285 0.14285714285714285
1119 0.22857142857142856 0.14285714285714285 0.14285714285714285
1120 0.22857142857142856 0.14285714285714285 0.14285714285714285
1121 0.22857142857142856 0.14285714285714285 0.14285714285714285
1122 0.22857142857142856 0.17142857142857143 0.11428571428571428
1123 0.22857142857142856 0.17142857142857143 0.11428571428571428
1124 0.22857142857142856 0.17142857142857143 0.11428571428571428
1125 0.22857142857142856 0.17142857142857143 0.11428571428571428
1126 0.22857142857142856 0.2 0.08571428571428572
1127 0.22857142857142856 0.17142857142857143 0.08571428571428572
1128 0.22857142857142856 0.17142857142857143 0.08571428571428572
1129 0.22857142857142856 0.17142857142857143 0.08571428571428572
1130 0.22857142857142856 0.17142857142857143 0.08571428571428572
1131 0.2571428571428571 0.17142857142857143 0.08571428571428572
1132 0.2571428571428571 0.17142857142857143 0.08571428571428572
1133 0.2857142857142857 0.17142857142857143 0.08571428571428572
1134 0.2857142857142857 0.14285714285714285 0.08571428571428572
1135 0.2857142857142857 0.14285714285714285 0.11428571428571428
1136 0.2571428571428571 0.14285714285714285 0.08571428571428572
1137 0.2571428571428571 0.11428571428571428 0.08571428571428572
1138 0.2571428571428571 0.11428571428571428 0.08571428571428572
1139 0.2571428571428571 0.11428571428571428 0.08571428571428572
1140 0.2571428571428571 0.14285714285714285 0.08571428571428572
1141 0.2571428571428571 0.14285714285714285 0.05714285714285714
1142 0.22857142857142856 0.11428571428571428 0.05714285714285714
1143 0.22857142857142856 0.11428571428571428 0.05714285714285714
1144 0.22857142857142856 0.14285714285714285 0.08571428571428572
1145 0.22857142857142856 0.14285714285714285 0.08571428571428572
1146 0.22857142857142856 0.14285714285714285 0.08571428571428572
1147 0.22857142857142856 0.14285714285714285 0.11428571428571428
1148 0.22857142857142856 0.14285714285714285 0.11428571428571428
1149 0.22857142857142856 0.14285714285714285 0.11428571428571428
1150 0.22857142857142856 0.14285714285714285 0.14285714285714285
1151 0.2 0.11428571428571428 0.14285714285714285
1152 0.2 0.14285714285714285 0.17142857142857143
1153 0.2 0.14285714285714285 0.17142857142857143
1154 0.22857142857142856 0.14285714285714285 0.17142857142857143
1155 0.22857142857142856 0.14285714285714285 0.14285714285714285
1156 0.2571428571428571 0.14285714285714285 0.14285714285714285
1157 0.2571428571428571 0.11428571428571428 0.14285714285714285
1158 0.22857142857142856 0.11428571428571428 0.14285714285714285
1159 0.2571428571428571 0.11428571428571428 0.14285714285714285
1160 0.2571428571428571 0.11428571428571428 0.17142857142857143
1161 0.2571428571428571 0.11428571428571428 0.17142857142857143
1162 0.22857142857142856 0.11428571428571428 0.17142857142857143
1163 0.22857142857142856 0.11428571428571428 0.2
1164 0.22857142857142856 0.11428571428571428 0.2
1165 0.22857142857142856 0.08571428571428572 0.2
1166 0.2 0.08571428571428572 0.2
1167 0.22857142857142856 0.08571428571428572 0.2
1168 0.22857142857142856 0.08571428571428572 0.22857142857142856
1169 0.22857142857142856 0.08571428571428572 0.22857142857142856
1170 0.22857142857142856 0.08571428571428572 0.2
1171 0.22857142857142856 0.08571428571428572 0.2
1172 0.22857142857142856 0.08571428571428572 0.17142857142857143
1173 0.22857142857142856 0.05714285714285714 0.2
1174 0.22857142857142856 0.05714285714285714 0.2
1175 0.22857142857142856 0.08571428571428572 0.17142857142857143
1176 0.22857142857142856 0.08571428571428572 0.2
1177 0.22857142857142856 0.08571428571428572 0.17142857142857143
1178 0.22857142857142856 0.05714285714285714 0.17142857142857143
1179 0.22857142857142856 0.05714285714285714 0.2
1180 0.22857142857142856 0.08571428571428572 0.2
1181 0.2857142857142857 0.08571428571428572 0.2
1182 0.2857142857142857 0.08571428571428572 0.22857142857142856
1183 0.2571428571428571 0.08571428571428572 0.22857142857142856
1184 0.2571428571428571 0.08571428571428572 0.2
1185 0.2571428571428571 0.08571428571428572 0.2
1186 0.2571428571428571 0.08571428571428572 0.2
1187 0.22857142857142856 0.11428571428571428 0.2
1188 0.22857142857142856 0.11428571428571428 0.2
1189 0.22857142857142856 0.11428571428571428 0.17142857142857143
1190 0.22857142857142856 0.11428571428571428 0.17142857142857143
1191 0.22857142857142856 0.11428571428571428 0.17142857142857143
1192 0.22857142857142856 0.11428571428571428 0.17142857142857143
1193 0.22857142857142856 0.11428571428571428 0.14285714285714285
1194 0.22857142857142856 0.11428571428571428 0.14285714285714285
1195 0.22857142857142856 0.11428571428571428 0.14285714285714285
1196 0.22857142857142856 0.11428571428571428 0.14285714285714285
1197 0.22857142857142856 0.11428571428571428 0.11428571428571428
1198 0.22857142857142856 0.11428571428571428 0.11428571428571428
1199 0.2571428571428571 0.11428571428571428 0.14285714285714285
1200 0.2571428571428571 0.08571428571428572 0.14285714285714285
1201 0.2571428571428571 0.08571428571428572 0.11428571428571428
1202 0.2571428571428571 0.08571428571428572 0.14285714285714285
1203 0.2571428571428571 0.08571428571428572 0.14285714285714285
1204 0.2571428571428571 0.08571428571428572 0.14285714285714285
1205 0.2571428571428571 0.08571428571428572 0.14285714285714285
1206 0.3142857142857143 0.05714285714285714 0.14285714285714285
1207 0.3142857142857143 0.05714285714285714 0.14285714285714285
1208 0.3142857142857143 0.05714285714285714 0.14285714285714285
1209 0.3142857142857143 0.05714285714285714 0.14285714285714285
1210 0.34285714285714286 0.05714285714285714 0.14285714285714285
1211 0.34285714285714286 0.05714285714285714 0.14285714285714285
1212 0.34285714285714286 0.05714285714285714 0.14285714285714285
1213 0.3142857142857143 0.02857142857142857 0.14285714285714285
1214 0.3142857142857143 0.02857142857142857 0.14285714285714285
1215 0.3142857142857143 0.02857142857142857 0.14285714285714285
1216 0.3142857142857143 0.02857142857142857 0.17142857142857143
1217 0.2857142857142857 0.05714285714285714 0.17142857142857143
1218 0.2571428571428571 0.05714285714285714 0.2
1219 0.2571428571428571 0.05714285714285714 0.2
1220 0.2571428571428571 0.05714285714285714 0.2
1221 0.2571428571428571 0.02857142857142857 0.22857142857142856
1222 0.2571428571428571 0.02857142857142857 0.22857142857142856
1223 0.2571428571428571 0.02857142857142857 0.22857142857142856
1224 0.2571428571428571 0.02857142857142857 0.2
1225 0.2571428571428571 0.02857142857142857 0.2
1226 0.2571428571428571 0.02857142857142857 0.2
1227 0.2571428571428571 0.02857142857142857 0.2
1228 0.2857142857142857 0.02857142857142857 0.2
1229 0.2857142857142857 0.02857142857142857 0.2
1230 0.2857142857142857 0.02857142857142857 0.22857142857142856
1231 0.3142857142857143 0.02857142857142857 0.2
1232 0.3142857142857143 0.02857142857142857 0.2
1233 0.3142857142857143 0.02857142857142857 0.17142857142857143
1234 0.34285714285714286 0.02857142857142857 0.17142857142857143
1235 0.34285714285714286 0.02857142857142857 0.14285714285714285
1236 0.3142857142857143 0.02857142857142857 0.14285714285714285
1237 0.3142857142857143 0.02857142857142857 0.14285714285714285
1238 0.34285714285714286 0.02857142857142857 0.14285714285714285
1239 0.34285714285714286 0.02857142857142857 0.14285714285714285
1240 0.2857142857142857 0.02857142857142857 0.11428571428571428
1241 0.2857142857142857 0.05714285714285714 0.11428571428571428
1242 0.2857142857142857 0.05714285714285714 0.11428571428571428
1243 0.2857142857142857 0.02857142857142857 0.08571428571428572
1244 0.2857142857142857 0.02857142857142857 0.11428571428571428
1245 0.2857142857142857 0.02857142857142857 0.11428571428571428
1246 0.2857142857142857 0.02857142857142857 0.11428571428571428
1247 0.2857142857142857 0.05714285714285714 0.08571428571428572
1248 0.2857142857142857 0.05714285714285714 0.08571428571428572
1249 0.2857142857142857 0.05714285714285714 0.08571428571428572
1250 0.2857142857142857 0.05714285714285714 0.08571428571428572
1251 0.2857142857142857 0.08571428571428572 0.08571428571428572
1252 0.2857142857142857 0.08571428571428572 0.05714285714285714
1253 0.2857142857142857 0.08571428571428572 0.05714285714285714
1254 0.2857142857142857 0.08571428571428572 0.02857142857142857
1255 0.2571428571428571 0.08571428571428572 0.02857142857142857
1256 0.3142857142857143 0.08571428571428572 0.05714285714285714
1257 0.3142857142857143 0.08571428571428572 0.05714285714285714
1258 0.3142857142857143 0.08571428571428572 0.05714285714285714
1259 0.3142857142857143 0.08571428571428572 0.05714285714285714
1260 0.3142857142857143 0.08571428571428572 0.05714285714285714
1261 0.2857142857142857 0.08571428571428572 0.05714285714285714
1262 0.2857142857142857 0.11428571428571428 0.05714285714285714
1263 0.2857142857142857 0.11428571428571428 0.05714285714285714
1264 0.2571428571428571 0.11428571428571428 0.05714285714285714
1265 0.2571428571428571 0.11428571428571428 0.08571428571428572
1266 0.22857142857142856 0.14285714285714285 0.08571428571428572
1267 0.22857142857142856 0.11428571428571428 0.08571428571428572
1268 0.22857142857142856 0.11428571428571428 0.11428571428571428
1269 0.2 0.11428571428571428 0.08571428571428572
1270 0.2 0.11428571428571428 0.08571428571428572
1271 0.2 0.11428571428571428 0.08571428571428572
1272 0.2 0.11428571428571428 0.08571428571428572
1273 0.2 0.11428571428571428 0.08571428571428572
1274 0.2 0.11428571428571428 0.08571428571428572
1275 0.17142857142857143 0.11428571428571428 0.08571428571428572
1276 0.2 0.11428571428571428 0.08571428571428572
1277 0.2 0.11428571428571428 0.08571428571428572
1278 0.2 0.11428571428571428 0.08571428571428572
1279 0.22857142857142856 0.11428571428571428 0.08571428571428572
1280 0.2571428571428571 0.11428571428571428 0.08571428571428572
1281 0.22857142857142856 0.11428571428571428 0.11428571428571428
1282 0.22857142857142856 0.11428571428571428 0.08571428571428572
1283 0.2571428571428571 0.11428571428571428 0.11428571428571428
1284 0.2571428571428571 0.11428571428571428 0.11428571428571428
1285 0.2857142857142857 0.11428571428571428 0.11428571428571428
1286 0.2571428571428571 0.11428571428571428 0.11428571428571428
1287 0.2571428571428571 0.08571428571428572 0.14285714285714285
1288 0.2571428571428571 0.08571428571428572 0.14285714285714285
1289 0.2571428571428571 0.11428571428571428 0.11428571428571428
1290 0.2571428571428571 0.11428571428571428 0.14285714285714285
1291 0.22857142857142856 0.08571428571428572 0.17142857142857143
1292 0.2 0.08571428571428572 0.17142857142857143
1293 0.2 0.11428571428571428 0.17142857142857143
1294 0.2 0.11428571428571428 0.14285714285714285
1295 0.2 0.11428571428571428 0.14285714285714285
1296 0.2 0.08571428571428572 0.14285714285714285
1297 0.2 0.11428571428571428 0.2
1298 0.2 0.11428571428571428 0.2
1299 0.2 0.11428571428571428 0.2
1300 0.2 0.11428571428571428 0.2
1301 0.22857142857142856 0.11428571428571428 0.2
1302 0.22857142857142856 0.11428571428571428 0.2
1303 0.22857142857142856 0.14285714285714285 0.2
1304 0.2571428571428571 0.14285714285714285 0.2
1305 0.2571428571428571 0.14285714285714285 0.17142857142857143
1306 0.2571428571428571 0.14285714285714285 0.17142857142857143
1307 0.2857142857142857 0.14285714285714285 0.17142857142857143
1308 0.2857142857142857 0.14285714285714285 0.17142857142857143
1309 0.2571428571428571 0.14285714285714285 0.14285714285714285
1310 0.2571428571428571 0.14285714285714285 0.14285714285714285
1311 0.2571428571428571 0.17142857142857143 0.14285714285714285
1312 0.2571428571428571 0.17142857142857143 0.14285714285714285
1313 0.22857142857142856 0.17142857142857143 0.11428571428571428
1314 0.22857142857142856 0.14285714285714285 0.11428571428571428
1315 0.22857142857142856 0.14285714285714285 0.11428571428571428
1316 0.22857142857142856 0.14285714285714285 0.08571428571428572
1317 0.2571428571428571 0.14285714285714285 0.05714285714285714
1318 0.2571428571428571 0.14285714285714285 0.05714285714285714
1319 0.2571428571428571 0.14285714285714285 0.08571428571428572
1320 0.2571428571428571 0.11428571428571428 0.05714285714285714
1321 0.2857142857142857 0.14285714285714285 0.05714285714285714
1322 0.2857142857142857 0.11428571428571428 0.05714285714285714
1323 0.2857142857142857 0.11428571428571428 0.02857142857142857
1324 0.2857142857142857 0.11428571428571428 0.02857142857142857
1325 0.2857142857142857 0.11428571428571428 0.02857142857142857
1326 0.2857142857142857 0.11428571428571428 0.02857142857142857
1327 0.2857142857142857 0.11428571428571428 0.02857142857142857
1328 0.2571428571428571 0.11428571428571428 0.05714285714285714
1329 0.2571428571428571 0.11428571428571428 0.05714285714285714
1330 0.2571428571428571 0.11428571428571428 0.05714285714285714
1331 0.2571428571428571 0.11428571428571428 0.05714285714285714
1332 0.2857142857142857 0.11428571428571428 0.05714285714285714
1333 0.2857142857142857 0.11428571428571428 0.05714285714285714
1334 0.2857142857142857 0.11428571428571428 0.05714285714285714
1335 0.2857142857142857 0.11428571428571428 0.08571428571428572
1336 0.2571428571428571 0.11428571428571428 0.08571428571428572
1337 0.2571428571428571 0.11428571428571428 0.08571428571428572
1338 0.2571428571428571 0.11428571428571428 0.08571428571428572
1339 0.2571428571428571 0.14285714285714285 0.08571428571428572
1340 0.2 0.14285714285714285 0.08571428571428572
1341 0.22857142857142856 0.14285714285714285 0.08571428571428572
1342 0.22857142857142856 0.14285714285714285 0.08571428571428572
1343 0.22857142857142856 0.17142857142857143 0.08571428571428572
1344 0.22857142857142856 0.17142857142857143 0.08571428571428572
1345 0.22857142857142856 0.17142857142857143 0.05714285714285714
1346 0.22857142857142856 0.17142857142857143 0.05714285714285714
1347 0.22857142857142856 0.14285714285714285 0.05714285714285714
1348 0.22857142857142856 0.17142857142857143 0.05714285714285714
1349 0.22857142857142856 0.17142857142857143 0.05714285714285714
1350 0.22857142857142856 0.17142857142857143 0.05714285714285714
1351 0.22857142857142856 0.17142857142857143 0.05714285714285714
1352 0.22857142857142856 0.17142857142857143 0.05714285714285714
1353 0.22857142857142856 0.17142857142857143 0.08571428571428572
1354 0.22857142857142856 0.17142857142857143 0.05714285714285714
1355 0.22857142857142856 0.17142857142857143 0.05714285714285714
1356 0.2571428571428571 0.14285714285714285 0.05714285714285714
1357 0.22857142857142856 0.14285714285714285 0.05714285714285714
1358 0.22857142857142856 0.17142857142857143 0.05714285714285714
1359 0.22857142857142856 0.17142857142857143 0.05714285714285714
1360 0.22857142857142856 0.14285714285714285 0.02857142857142857
1361 0.22857142857142856 0.14285714285714285 0.05714285714285714
1362 0.22857142857142856 0.14285714285714285 0.05714285714285714
1363 0.22857142857142856 0.17142857142857143 0.05714285714285714
1364 0.2 0.14285714285714285 0.05714285714285714
1365 0.2 0.14285714285714285 0.05714285714285714
1366 0.2 0.14285714285714285 0.05714285714285714
1367 0.2 0.17142857142857143 0.05714285714285714
1368 0.17142857142857143 0.14285714285714285 0.05714285714285714
1369 0.17142857142857143 0.14285714285714285 0.05714285714285714
1370 0.17142857142857143 0.14285714285714285 0.08571428571428572
1371 0.2 0.14285714285714285 0.08571428571428572
1372 0.2 0.17142857142857143 0.11428571428571428
1373 0.2 0.17142857142857143 0.11428571428571428
1374 0.2 0.14285714285714285 0.11428571428571428
1375 0.17142857142857143 0.14285714285714285 0.11428571428571428
1376 0.17142857142857143 0.14285714285714285 0.11428571428571428
1377 0.17142857142857143 0.14285714285714285 0.11428571428571428
1378 0.17142857142857143 0.14285714285714285 0.14285714285714285
1379 0.2 0.14285714285714285 0.11428571428571428
1380 0.2 0.17142857142857143 0.14285714285714285
1381 0.22857142857142856 0.17142857142857143 0.14285714285714285
1382 0.22857142857142856 0.17142857142857143 0.17142857142857143
1383 0.22857142857142856 0.14285714285714285 0.17142857142857143
1384 0.22857142857142856 0.14285714285714285 0.17142857142857143
1385 0.2 0.14285714285714285 0.14285714285714285
1386 0.22857142857142856 0.17142857142857143 0.17142857142857143
1387 0.22857142857142856 0.17142857142857143 0.17142857142857143
1388 0.22857142857142856 0.17142857142857143 0.17142857142857143
1389 0.22857142857142856 0.17142857142857143 0.17142857142857143
1390 0.22857142857142856 0.17142857142857143 0.17142857142857143
1391 0.22857142857142856 0.17142857142857143 0.2
1392 0.22857142857142856 0.14285714285714285 0.2
1393 0.17142857142857143 0.17142857142857143 0.2
1394 0.17142857142857143 0.17142857142857143 0.2
1395 0.17142857142857143 0.17142857142857143 0.2
1396 0.17142857142857143 0.14285714285714285 0.2
1397 0.17142857142857143 0.14285714285714285 0.2
1398 0.2 0.14285714285714285 0.17142857142857143
1399 0.2 0.14285714285714285 0.17142857142857143
1400 0.2 0.14285714285714285 0.2
1401 0.2 0.11428571428571428 0.2
1402 0.2 0.11428571428571428 0.17142857142857143
1403 0.2 0.11428571428571428 0.17142857142857143
1404 0.2 0.11428571428571428 0.14285714285714285
1405 0.22857142857142856 0.08571428571428572 0.14285714285714285
1406 0.2571428571428571 0.08571428571428572 0.14285714285714285
1407 0.2571428571428571 0.08571428571428572 0.11428571428571428
1408 0.2857142857142857 0.08571428571428572 0.14285714285714285
1409 0.2857142857142857 0.08571428571428572 0.14285714285714285
1410 0.2571428571428571 0.05714285714285714 0.14285714285714285
1411 0.2571428571428571 0.05714285714285714 0.11428571428571428
1412 0.2571428571428571 0.05714285714285714 0.11428571428571428
1413 0.2571428571428571 0.05714285714285714 0.14285714285714285
1414 0.2571428571428571 0.05714285714285714 0.14285714285714285
1415 0.22857142857142856 0.05714285714285714 0.14285714285714285
1416 0.22857142857142856 0.05714285714285714 0.14285714285714285
1417 0.22857142857142856 0.05714285714285714 0.11428571428571428
1418 0.22857142857142856 0.05714285714285714 0.11428571428571428
1419 0.22857142857142856 0.05714285714285714 0.11428571428571428
1420 0.22857142857142856 0.05714285714285714 0.08571428571428572
1421 0.22857142857142856 0.05714285714285714 0.08571428571428572
1422 0.22857142857142856 0.05714285714285714 0.11428571428571428
1423 0.22857142857142856 0.08571428571428572 0.11428571428571428
1424 0.22857142857142856 0.08571428571428572 0.11428571428571428
1425 0.22857142857142856 0.08571428571428572 0.11428571428571428
1426 0.22857142857142856 0.08571428571428572 0.08571428571428572
1427 0.22857142857142856 0.08571428571428572 0.08571428571428572
1428 0.2 0.08571428571428572 0.08571428571428572
1429 0.2 0.11428571428571428 0.08571428571428572
1430 0.2 0.11428571428571428 0.08571428571428572
1431 0.2571428571428571 0.11428571428571428 0.08571428571428572
1432 0.22857142857142856 0.11428571428571428 0.08571428571428572
1433 0.22857142857142856 0.11428571428571428 0.05714285714285714
1434 0.22857142857142856 0.14285714285714285 0.08571428571428572
1435 0.22857142857142856 0.14285714285714285 0.08571428571428572
1436 0.22857142857142856 0.14285714285714285 0.08571428571428572
1437 0.2 0.17142857142857143 0.05714285714285714
1438 0.2 0.17142857142857143 0.08571428571428572
1439 0.2 0.17142857142857143 0.08571428571428572
1440 0.17142857142857143 0.14285714285714285 0.08571428571428572
1441 0.17142857142857143 0.14285714285714285 0.08571428571428572
1442 0.17142857142857143 0.14285714285714285 0.08571428571428572
1443 0.17142857142857143 0.11428571428571428 0.11428571428571428
1444 0.17142857142857143 0.11428571428571428 0.11428571428571428
1445 0.17142857142857143 0.11428571428571428 0.11428571428571428
1446 0.2 0.11428571428571428 0.11428571428571428
1447 0.2 0.11428571428571428 0.08571428571428572
1448 0.2 0.11428571428571428 0.08571428571428572
1449 0.2 0.11428571428571428 0.08571428571428572
1450 0.2 0.11428571428571428 0.08571428571428572
1451 0.22857142857142856 0.11428571428571428 0.11428571428571428
1452 0.2 0.11428571428571428 0.11428571428571428
1453 0.2 0.14285714285714285 0.11428571428571428
1454 0.2 0.14285714285714285 0.14285714285714285
1455 0.2 0.11428571428571428 0.17142857142857143
1456 0.2857142857142857 0.14285714285714285 0.17142857142857143
1457 0.2857142857142857 0.14285714285714285 0.17142857142857143
1458 0.2857142857142857 0.14285714285714285 0.17142857142857143
1459 0.2857142857142857 0.11428571428571428 0.17142857142857143
1460 0.2857142857142857 0.14285714285714285 0.17142857142857143
1461 0.2857142857142857 0.14285714285714285 0.17142857142857143
1462 0.2857142857142857 0.14285714285714285 0.17142857142857143
1463 0.2857142857142857 0.14285714285714285 0.17142857142857143
1464 0.2857142857142857 0.11428571428571428 0.14285714285714285
1465 0.2857142857142857 0.11428571428571428 0.14285714285714285
1466 0.2571428571428571 0.11428571428571428 0.14285714285714285
1467 0.2571428571428571 0.11428571428571428 0.11428571428571428
1468 0.2857142857142857 0.11428571428571428 0.14285714285714285
1469 0.2857142857142857 0.11428571428571428 0.14285714285714285
1470 0.2857142857142857 0.11428571428571428 0.14285714285714285
1471 0.2857142857142857 0.11428571428571428 0.14285714285714285
1472 0.2857142857142857 0.14285714285714285 0.17142857142857143
1473 0.2857142857142857 0.14285714285714285 0.17142857142857143
1474 0.2857142857142857 0.11428571428571428 0.17142857142857143
1475 0.2857142857142857 0.11428571428571428 0.2
1476 0.2857142857142857 0.14285714285714285 0.17142857142857143
1477 0.2857142857142857 0.11428571428571428 0.17142857142857143
1478 0.2857142857142857 0.11428571428571428 0.14285714285714285
1479 0.2857142857142857 0.11428571428571428 0.14285714285714285
1480 0.2857142857142857 0.11428571428571428 0.11428571428571428
1481 0.34285714285714286 0.11428571428571428 0.11428571428571428
1482 0.34285714285714286 0.14285714285714285 0.11428571428571428
1483 0.37142857142857144 0.11428571428571428 0.11428571428571428
1484 0.37142857142857144 0.11428571428571428 0.11428571428571428
1485 0.37142857142857144 0.11428571428571428 0.11428571428571428
1486 0.37142857142857144 0.11428571428571428 0.11428571428571428
1487 0.37142857142857144 0.11428571428571428 0.11428571428571428
1488 0.37142857142857144 0.11428571428571428 0.11428571428571428
1489 0.34285714285714286 0.11428571428571428 0.11428571428571428
1490 0.34285714285714286 0.11428571428571428 0.11428571428571428
1491 0.34285714285714286 0.11428571428571428 0.11428571428571428
1492 0.37142857142857144 0.11428571428571428 0.08571428571428572
1493 0.34285714285714286 0.11428571428571428 0.08571428571428572
1494 0.34285714285714286 0.11428571428571428 0.11428571428571428
1495 0.34285714285714286 0.11428571428571428 0.11428571428571428
1496 0.34285714285714286 0.11428571428571428 0.11428571428571428
1497 0.34285714285714286 0.08571428571428572 0.08571428571428572
1498 0.34285714285714286 0.08571428571428572 0.08571428571428572
1499 0.34285714285714286 0.08571428571428572 0.08571428571428572
1500 0.34285714285714286 0.08571428571428572 0.08571428571428572
1501 0.34285714285714286 0.05714285714285714 0.05714285714285714
1502 0.34285714285714286 0.08571428571428572 0.05714285714285714
