id,run_id,Unnamed: 0,index,count,mean,std,min,25%,50%,75%,max
0,0,0,lifetime,458.0,5.6992002534867,2.2323957092858886,0.001678086767,4.008071142654,6.0093395744335,7.0181809216985,9.018950877725
1,0,0,lifetime,751.0,5.6199050923890335,2.260270424346847,0.002058092759,4.0090483945225,6.003776753185,8.002058299264,9.018464669721
2,0,0,lifetime,851.0,5.4981671519589606,2.3199770821789256,0.002058102001,4.006711124003999,5.019136297732,8.00560679598,9.016899878175
3,0,0,lifetime,830.0,5.486221465078176,2.3301987734527656,0.002058076842,4.00497460795325,6.001728114130501,7.01749893505875,9.01812762016
4,0,0,lifetime,707.0,5.654206647725157,2.1968476507445227,0.0020580769919999,4.009838451871,6.005436740516,8.001858175549,9.016964718286
5,0,0,lifetime,749.0,6.120027885405298,2.084271984253408,0.002058077444,5.00564643006,6.016659686612,8.011764731204,9.019359690064
6,0,0,lifetime,824.0,5.614476806140959,2.319790183911775,0.00205807836,4.00990424312025,6.008919363747,7.26582528933025,9.019284420814
7,0,0,lifetime,849.0,5.23947596403758,2.2951842948615893,0.002058087148,3.018692441177,5.017288408827,7.017684878471,9.016742457119
8,0,0,lifetime,792.0,5.708178684579562,2.239682640830996,0.002058078064,4.0101614030745,6.008665150773,8.00205810755775,9.019275319968
9,0,0,lifetime,808.0,5.762200881721599,2.2891529623644797,0.002058087278,4.009637574419,6.009677972944,8.006584708765999,9.018797317181
10,0,0,lifetime,639.0,5.041879828724857,1.9952320509202457,0.002058145836,3.0140375097475003,5.0108477458,7.0063139027825,8.014103421777
11,0,0,lifetime,723.0,5.524848486156925,1.813418847189994,0.002058087358,4.015490821141,6.008241034128,7.011898121370999,8.019758671158
12,0,0,lifetime,708.0,4.282893203601448,1.883683186546312,0.002058078106,3.00617298758925,4.015082427072,6.01080117846325,7.016820339369
13,0,0,lifetime,856.0,5.463763390329998,2.4122308689222973,0.002058087153,4.0020381010065,6.002318129359,8.002058090024,9.017787705658
14,0,0,lifetime,706.0,5.314454576662554,1.9693627821065,0.002058089206,4.0052249567165,5.0153418692425,7.01210908977675,8.017990062418999
15,0,0,lifetime,800.0,5.546958344645382,2.330273178478217,0.002058074006,4.00527267477975,6.0020581448025005,7.01780043794325,9.017613042256
16,0,0,lifetime,750.0,5.499253095592231,2.3885366672954613,0.002058088341,3.017730290085,6.0020581483885,8.002258155744,9.017411135848
17,0,0,lifetime,1028.0,5.894416793454257,2.180157224448886,0.001618084566,4.0149181126145,6.0124075842460005,8.00718307732025,9.019795656855
18,0,0,lifetime,922.0,5.957433332127086,2.1783202401420105,0.001618082586,4.013597923109749,6.0120279908495,8.008021623125249,9.017522343845
19,0,0,lifetime,1008.0,5.668016775083641,2.385919642408433,0.001618084299,4.004416463689,6.0060531661545,8.00721364480325,9.017558437735
20,0,0,lifetime,826.0,5.610695951782596,2.275968339913164,0.001618076914,4.00579707647275,6.0086515263445,7.01758006153325,9.016871733278
21,0,0,lifetime,973.0,5.48826229179277,2.3889402413132546,0.00161807806,4.001618097741,5.020255141563,7.020240622821,9.019968959151
22,0,0,lifetime,854.0,5.918308462320767,2.182030901642796,0.001618090907,4.01208283891625,6.014662773098,8.00846938482575,9.017260835632
23,0,0,lifetime,1001.0,5.407817928323607,2.3348959624962933,0.001618078966,3.019241010212,5.019666040906,7.019456831175,9.019421163179
24,0,0,lifetime,984.0,5.42349255522964,2.401277348887572,0.00161807882,3.0183933051457497,5.020227894527499,8.005781130907499,9.020281134061
25,0,0,lifetime,824.0,5.712568966745777,2.311383431042453,0.001618082838,4.012142104939249,6.0091794636725,8.008190251774,9.020022647131
26,0,0,lifetime,1027.0,5.988099975422229,2.176643381714073,0.001618084254,4.018222529828,6.012554602133,8.012425990691,9.020657076028
27,0,0,lifetime,922.0,6.038818103263239,2.0786519355571658,0.001618082964,4.01953361048525,6.015257822857,8.006897143953,9.022708273147
28,0,0,lifetime,912.0,5.0266504693924725,2.097959608170449,0.001618077234,3.017649531109749,5.016988483843,7.01071638432075,8.020232638651
29,0,0,lifetime,1060.0,5.468247881727535,2.3760080864089432,0.001618088759,3.0184204083727497,5.0199316557285,8.007301250692251,9.018867226009
30,0,0,lifetime,963.0,5.522694046122644,2.4713056180030133,0.0016180871499999,3.017915929376,6.001618127966,8.0083796824625,9.019407461715
31,0,0,lifetime,951.0,5.756203777759516,2.179313795102941,0.001618077906,4.016752063438,6.011589128955,7.0254211572315,9.026369172556
32,0,0,lifetime,1178.0,5.580327971680738,2.3672577145571405,0.002258079705,4.004816846202999,6.004816877139,8.002258091904,9.020364753758
33,0,0,lifetime,1198.0,5.377406348883362,2.456686237190587,0.0022581097939999,3.017330627389,6.0018181347415,7.02034309720675,9.021503567096
34,0,0,lifetime,1198.0,5.920595236851705,2.2313406311117787,0.002258109835,4.013356018548,6.0179379328285005,8.01255669783375,9.026620051556
35,0,0,lifetime,1305.0,5.456181762930675,2.4384566250560167,0.002258079785,3.021231334392,6.005385085236,8.007461419079,9.021738278376
36,0,0,lifetime,1163.0,5.482634354374418,2.322508729599635,0.0022580814699999,4.00599678221,5.020126091551,7.020766372793499,9.021786326666
37,0,0,lifetime,900.0,4.873381301386664,1.6158606923520742,0.002258080405,3.022465350397,5.013654456209,6.01866278627975,7.022579261575
38,0,0,lifetime,1012.0,4.675208622140979,1.758178801458272,0.002258079446,3.01823761660925,5.007667769029,6.0192955414295,7.025748128228
39,0,0,lifetime,1227.0,4.988806466149884,2.059446307898968,0.002258077678,3.0167884473665,5.015514033122,7.0076513419395,8.019217549136
40,0,0,lifetime,1006.0,4.447754222458502,1.8098326221121783,0.00225808496,3.01757016994075,5.00225811869,6.014788999624249,7.028127059352999
41,0,0,lifetime,1087.0,4.430074041060654,1.7457546823643926,0.002258085112,3.01508854028,4.023046639463,6.013151673868499,7.023035741531
42,0,0,lifetime,1030.0,4.320632703029163,1.8146168918147247,0.002258078452,3.0121840503805,4.0184075027075,6.011492266064749,7.024072077407
43,0,0,lifetime,1152.0,5.5895500406931244,2.426953051701359,0.0022580763,4.0022580876505,6.0090886103605,8.01333392723325,9.026719703327
44,0,0,lifetime,1283.0,5.892052313983785,2.1917506696025963,0.0022580781029999,4.017791586503501,6.010429437284,8.0127515690555,9.024173165913
45,0,0,lifetime,1186.0,5.440936336893999,2.2677736168355174,0.002258078007,4.003087786670999,5.0213535562205,7.0181100697925,9.022460059645
46,0,0,lifetime,1325.0,5.630770866235434,2.2775039004385,0.002258079315,4.00725742404,6.01160427287,8.002258083996,9.021697229811
47,0,0,lifetime,1122.0,5.644194461421796,2.223314175347792,0.002258079021,4.011938005768499,6.006596974003,7.01968775669,9.020657050019
48,0,0,lifetime,1340.0,4.274648864860995,1.8253096255617576,0.001338085957,3.0123793992977497,4.021329081144,6.00909781285425,7.028948950312
49,0,0,lifetime,1154.0,4.710584364758865,1.838330224500042,0.001338079109,3.020632470977,5.0152432702425,6.020821836234999,7.024669893673
50,0,0,lifetime,1334.0,5.143334902467504,1.9601474766163849,0.001338077723,4.00462712830525,5.015663420768,7.00614515905675,8.021029749997
51,0,0,lifetime,1218.0,5.125375979558308,2.1398546936321448,0.001338076626,3.02153220356725,5.018824140154,7.0126343118935,8.023590948791
52,0,0,lifetime,1623.0,5.309496601233863,2.428303098486235,0.00133808402,3.0193764332565003,5.020973129664,7.0237347381185,9.02331259133
53,0,0,lifetime,1494.0,5.177647944286555,2.494927819261745,0.001338078154,3.0128948087005,5.018928255624,7.0194963245645,9.021137177097
54,0,0,lifetime,1680.0,5.570116360258379,2.414349024782912,0.001338077539,4.003956459334,6.006980819329,8.007560844094751,9.02134588238
55,0,0,lifetime,1333.0,5.553086572445983,2.385442684676866,0.001338076065,3.02362508808,6.003164377964,8.010329842682,9.021849882256
56,0,0,lifetime,1612.0,5.621774435267905,2.250057645808038,0.001338076912,4.010458619441501,6.0115064247555,8.003996328078,9.021268343476
57,0,0,lifetime,1316.0,5.567581279985163,2.345559806642143,0.001338077536,4.00945980992025,6.006604787977,8.00325637066475,9.028997991073
58,0,0,lifetime,1264.0,4.548523327028153,1.771043407111346,0.001338076797,3.0185028752745,5.0088634516455,6.015148786148499,7.020185372798
59,0,0,lifetime,1725.0,5.314260469084661,2.3930716029344867,0.001338077518,3.021107373688,5.020248067546,7.01905448281,9.020919802931
60,0,0,lifetime,1600.0,5.289798446280379,2.446395104012965,0.0013380785019999,3.0174050082982498,5.016750790163,7.019051063031251,9.019218236962
61,0,0,lifetime,1516.0,5.5854512789292885,2.3255323699244874,0.001338077691,4.00962128617425,6.0042866140485,8.002198078280001,9.021464313096
62,0,0,lifetime,1671.0,5.40798351859162,2.382084750530963,0.001338078237,3.0241375575875,5.020801751246,8.004286670045499,9.020558391058
63,0,0,lifetime,1771.0,5.479467736098922,2.412013252243608,0.00209807769,4.0043525532305,5.024885527538,8.011444010308999,9.026420786817
64,0,0,lifetime,1982.0,5.411468516179401,2.407531235040701,0.002098078369,3.028420323361,6.002098110763,7.028116010752999,9.030312828531
65,0,0,lifetime,1797.0,5.678828465621444,2.365015651955661,0.002098079419,4.011201664289,6.01334795393,8.011680439014,9.024757697419
66,0,0,lifetime,1618.0,5.868651113240588,2.2863215639512275,0.002098116608,4.014836921189,6.016231480128,8.013503998624,9.025149443969
67,0,0,lifetime,1713.0,5.552701623744632,2.424655258822619,0.002098079166,4.00499664112,6.00499657246,8.008349351839,9.021373500793
68,0,0,lifetime,1654.0,5.838760883117456,2.21121760092222,0.002098077187,4.01906357715875,6.0169548369955,8.00876117599325,9.027849798691
69,0,0,lifetime,1784.0,5.099508949154887,2.406003825138217,0.002098077473,3.0154062458955,5.0100252914605,7.0174459177625,9.021509613742
70,0,0,lifetime,1546.0,5.2220490792859175,2.1148306098803853,0.002098078711,4.006384945392,5.0242288156885,7.0183246273835,8.024978390964
71,0,0,lifetime,1885.0,5.557296105559397,2.3290572110804684,0.002098081213,4.013816147907,6.002098212044,8.002098155268,9.023217417191
72,0,0,lifetime,2048.0,5.721191717523838,2.393526615590552,0.002098078114,4.00736752014325,6.014473281759,8.01235934340475,9.023271083504
73,0,0,lifetime,1896.0,5.6800190549361735,2.34080646825394,0.002098078193,4.012181630571501,6.0161032446725,8.012044076463749,9.0283323396
74,0,0,lifetime,1664.0,5.707785188525776,2.3089203687629585,0.002098077833,4.015530435147,6.015913210194,8.008419198693499,9.028326033771
75,0,0,lifetime,1648.0,5.818572913170086,2.2809648430807976,0.002098077907,4.017651504636,6.015035020765,8.011816554115,9.023154487225
76,0,0,lifetime,1746.0,5.542240541128563,2.3559281589509897,0.002098078028,4.011239236899,6.0052448159945,7.023944313168251,9.0231672495
77,0,0,lifetime,1987.0,5.484654839311299,2.353313763032714,0.002098076222,4.002098183386,5.024164949335,7.0219354679990005,9.023272671696
78,0,0,lifetime,2223.0,5.402516250752985,2.3783356688416446,0.0020980777839999,3.0263326524495,6.002098160981999,7.025136966548001,9.026580938147
79,0,0,lifetime,2177.0,5.55755255264032,2.3139074753435125,0.001298079387,4.004969145389,6.00930349256,8.003764706095,9.029295508521
80,0,0,lifetime,1727.0,4.3833704089052015,1.88401649101275,0.0012981071249999,3.0127566319535,4.023473627777,6.016824976982,7.025131530407
81,0,0,lifetime,1749.0,4.405211292644018,1.818297754393453,0.001298107699,3.015928663418,5.001438122371,6.015268375047,7.023907362201
82,0,0,lifetime,1939.0,4.949778886736104,2.095344496363249,0.001298085115,3.0203224721675,5.014563141178,7.0083895495755,8.025734841642
83,0,0,lifetime,1761.0,5.048792228776906,2.17368172811768,0.001298085566,3.021479567026,5.021370252083,7.01471194593,8.025309047435
84,0,0,lifetime,1704.0,4.375051356470135,1.8183601005423748,0.0012980753,3.01957422179375,4.024364935646,6.01921232394475,7.028445845919999
85,0,0,lifetime,2365.0,5.414609949653751,2.430402967358189,0.00129807563,3.028308447633,5.028546639055,8.010688064715,9.027974010295
86,0,0,lifetime,2124.0,5.412457218358058,2.3830571800356446,0.001298077166,3.0263151888995,5.0250764584965,8.001558083490501,9.025504087651
87,0,0,lifetime,2040.0,5.319567598392212,2.325614583851372,0.001298085353,3.0252022436105,5.024952621192,7.02490135476525,9.025332244658
88,0,0,lifetime,2184.0,5.539033536574928,2.341894329286728,0.001298086435,4.00129810831325,6.0078331734405,8.007611422711,9.024147935956
89,0,0,lifetime,2545.0,5.508163761268646,2.304678148718895,0.001298080243,4.00766083882,6.003796369268,7.024489276291,9.026700044423
90,0,0,lifetime,2330.0,5.6419305905521,2.243438176469357,0.001298080693,4.014981137172,6.009337390028,7.027196745052,9.026963605408
91,0,0,lifetime,2065.0,5.221361969081616,2.4046738543878248,0.001298079875,3.018175327181,5.017409116769,7.020198836202,9.021550281955
92,0,0,lifetime,2223.0,5.709570644782562,2.2705644726054546,0.0012980814039999,4.0121962505335,6.015812055805,8.007571354542499,9.025583013061
93,0,0,lifetime,2053.0,5.577698507121872,2.256945905854444,0.0012980918779999,4.005753116681,6.008675110014,7.023141632995,9.023354620656
94,0,0,lifetime,2178.0,5.425272165289098,2.333263977937956,0.001798079709,4.00179812367675,5.0258819338005,7.02589307279675,9.025882745837
95,0,0,lifetime,2622.0,5.596584700123732,2.3594332310543065,0.001798078332,4.001853139465251,6.0092333248985,8.01041362106875,9.034500311342
96,0,0,lifetime,2299.0,5.40359842475151,2.394066823764279,0.001798077036,4.0015180990265,5.030197345585,8.0017981061835,9.030947338492
97,0,0,lifetime,2187.0,5.533414761543392,2.3725054210502843,0.0017980787489999,3.0266103782505,6.005112918418,8.0080653917065,9.026013710798
98,0,0,lifetime,2640.0,5.583822495553767,2.3289003798747085,0.0017980766319999,4.00806099631075,6.0072927238635,8.00576689575025,9.028784085064
99,0,0,lifetime,2550.0,5.34320131999405,2.39513352602364,0.001798076809,3.0252437424342498,5.0217474672555,7.0255253806115,9.025154068096
100,0,0,lifetime,2405.0,5.501605043752228,2.407632380991112,0.0017980773359999,3.030348548115,5.025378926142,8.008571224974,9.028232342423
101,0,0,lifetime,1728.0,4.542197255916808,1.838067489348904,0.001798076164,3.01839093251275,5.008717399007,6.0218909970785,7.028805780277
102,0,0,lifetime,2607.0,5.674765849835366,2.28489363517946,0.001798080465,4.012053881103499,6.017111329555,8.0129544161645,9.02844225516
103,0,0,lifetime,2631.0,5.651337152575789,2.397251008844953,0.001798078514,4.0073613276055,6.014230013137,8.0135419298215,9.029218723099
104,0,0,lifetime,2376.0,5.396477212175951,2.43332330758844,0.001798077854,3.030726910038,5.027588363714999,8.00825070781325,9.029066502044
105,0,0,lifetime,2290.0,5.679934246680105,2.31041771186739,0.001798078767,4.012859425304,6.012158702174,8.012489289649,9.029437698173
106,0,0,lifetime,2566.0,5.694634268665248,2.3825450422764685,0.001798077266,4.010749755958,6.0090213487335,8.01475424680625,9.026669244117
107,0,0,lifetime,1760.0,4.475196416241763,1.7222312757089038,0.0017980764659999,3.02081916245,5.009417671486499,6.013989561002999,7.024635148341
108,0,0,lifetime,1976.0,4.664318731032973,1.746876086742234,0.001798077909,3.0240846246477497,5.0152951038325,6.0213439142595,7.027191850241
109,0,0,lifetime,1856.0,4.545502098421289,1.8393044949135389,0.001438076951,3.0187881872847497,5.012596704224499,6.02086839780625,7.030220758742
110,0,0,lifetime,2407.0,4.943491519079625,1.9930437601997384,0.001438078669,3.0269262555745,5.017217242952,7.0026423036595,8.026404139179
111,0,0,lifetime,2879.0,5.464276871269286,2.3522942258310686,0.001438081417,4.001588246182,5.025960170413,8.0014380835085,9.026223227924
112,0,0,lifetime,2044.0,4.617850724305083,1.798737996534246,0.001438080996,3.0271324064275,5.0138266461605,6.025962745855249,7.032911693165
113,0,0,lifetime,2374.0,4.513120541627554,1.8064843885701365,0.001438083842,3.02301477874675,5.008133936139,6.01937717037925,7.029295594796
114,0,0,lifetime,2114.0,4.596087458913825,1.8090533523659336,0.0014380785109999,3.01989900648425,5.0109815204715,6.02430886112025,7.030693511199
115,0,0,lifetime,2829.0,5.5343484659256665,2.3641296482455294,0.0014380791109999,4.011983718929,6.009313280204,8.003356215175,9.032484481855
116,0,0,lifetime,2753.0,5.392256315824231,2.399893299685902,0.001438076278,3.028143343973,5.025513933975,8.00143816024,9.029858871313
117,0,0,lifetime,3272.0,5.5321866946687965,2.323373608354315,0.001438078171,4.01010771779775,6.0014780819565,7.032154462714749,9.030346033711
118,0,0,lifetime,2227.0,4.508884376624165,1.8216807982274832,0.00143807855,3.0172980409865,5.004196625226,6.019321702581999,7.028142462447
119,0,0,lifetime,3106.0,5.245411185305482,2.385168949125689,0.001438076621,3.03026450079775,5.0277060328615,7.028364183793,9.031593448813
120,0,0,lifetime,2848.0,5.603537447291801,2.4117544816511787,0.001438076487,4.0080693520105,6.012546070061999,8.0080693317195,9.030512186789
121,0,0,lifetime,2069.0,4.610463306514282,1.8108991326511303,0.001438075982,3.022725592556,5.010131782494,6.023870541134,7.028199773168
122,0,0,lifetime,2212.0,4.466712204492489,1.798338875194783,0.0014380746049999,3.02327672327625,5.0087711602065,6.01722157734725,7.027839279371
123,0,0,lifetime,2527.0,4.971340403621552,2.462490250355429,0.001438077191,3.017154731437,5.015504471554,7.021123099378,9.026595822928
124,0,0,lifetime,2423.0,5.318956895555814,2.440845875208686,0.0014380769929999,3.0243783084875,5.026933102127,7.0239347235245,9.026460429913
125,0,0,lifetime,3205.0,5.431662196181844,2.421510105474386,0.001818076882,3.031613603274,6.010649775598,7.033148207476,9.030876727922
126,0,0,lifetime,3349.0,5.648780643601981,2.2973001888068065,0.001818082654,4.016436057311,6.011232073408,8.008740862646,9.029615785392
127,0,0,lifetime,2652.0,4.417308925087444,1.729001148717843,0.001818084656,3.0233488315595,4.031754376515,6.012245754296,7.03113968044
128,0,0,lifetime,2504.0,4.716738875134007,1.7939379321622382,0.001818085246,3.0305177937165,5.020827124778,6.029497183679999,7.033372568809
129,0,0,lifetime,2552.0,4.299481920029388,1.9414445157595588,0.001818083948,3.010577814161,4.030614499339,6.0209926010332495,7.032205732324
130,0,0,lifetime,2500.0,4.527595953784966,1.833659150689568,0.001818080236,3.020775623542,5.008275410785,6.0227585315645005,7.031009467643
131,0,0,lifetime,2295.0,4.441286128328111,1.7646172988834732,0.001818077574,3.0178722423095,4.029823555955,6.0198506130815,7.028129526956
132,0,0,lifetime,3264.0,5.333413346237241,2.326716606993829,0.001818078557,3.03169916545525,5.030690045722,7.024553770759749,9.028690554025
133,0,0,lifetime,3044.0,5.152448379624552,1.9903575219860503,0.001818078258,3.0327138082307497,5.029325706143,7.0158284277725,8.033193078646
134,0,0,lifetime,2750.0,4.94356623386143,2.0871487053095805,0.001818078315,3.027541972958,5.0258455641995,7.0122592099345,8.030574194518
135,0,0,lifetime,2523.0,5.138440874576623,2.0532259858567783,0.001818078188,3.026810840545,5.027237527629,7.0216576184005,8.032408244598999
136,0,0,lifetime,2439.0,5.048568157302696,2.031277291971785,0.001818078062,3.028099858158,5.026851340373,7.014874649014,8.030526801108
137,0,0,lifetime,3020.0,5.362239687702184,2.503427038131269,0.001818079853,3.024404726583,5.028933266333,8.007782855954499,9.029387889605
138,0,0,lifetime,2824.0,5.524474631625931,2.3906062963846195,0.001818078574,4.00153810960125,5.033619186454,8.01146010158225,9.03146533287
139,0,0,lifetime,3067.0,5.651666115820923,2.4340182452432497,0.001818077501,4.0099518081355,6.011293460785,8.0135441815145,9.028312191381
140,0,0,lifetime,3231.0,5.453117139599644,2.390898457327068,0.00161807793,3.034028697475,5.031323032971,7.031799987848,9.033834478941
141,0,0,lifetime,3426.0,5.6761683601723085,2.337042947312706,0.001618077204,4.009686074276001,6.0186778793145,8.00357656067225,9.034679412256
142,0,0,lifetime,3187.0,5.054827023922403,2.057998521877683,0.0016180767879999,3.028150472459,5.024446843045,7.014055352143,8.028495558659
143,0,0,lifetime,3535.0,5.573650516072938,2.2960359506189136,0.0016180770569999,4.0102832768345,6.010469840901,8.0058860608795,9.033405286242
144,0,0,lifetime,3256.0,5.110858130149041,2.0536684164297907,0.00161808464,3.0315930532935003,5.0298860895425,7.0179766820535,8.032463326295
145,0,0,lifetime,3290.0,5.105401652108963,2.054559002882147,0.001618078244,3.03322841028375,5.028095677159,7.018035127486249,8.033322568923
146,0,0,lifetime,3575.0,5.241815805465716,2.26884908442292,0.001618078647,3.0288870661455,5.026933970553,7.0202633174035,9.027742891532
147,0,0,lifetime,3254.0,5.5553676119753606,2.4020619506638696,0.001618078224,3.0305961952335,6.0106931357655,8.01021273423675,9.030999491312
148,0,0,lifetime,3449.0,5.4874904896025285,2.4544383349015706,0.001618078809,3.033575478349,6.001618136529,8.013165790829,9.035026235005
149,0,0,lifetime,2660.0,5.760750425803104,2.3290717680064743,0.001618079349,4.020023031748,6.024683542295,8.01064204773825,9.029585743649
150,0,0,lifetime,4006.0,5.32889905615695,2.294035912304341,0.001618074577,3.03252191822075,5.0274480473445,7.027910563685,9.030915003459
151,0,0,lifetime,3547.0,5.565549779003727,2.3018233886637645,0.001618075906,4.01124751362,6.006685097498,7.0316159454215,9.031232724107
152,0,0,lifetime,3692.0,5.3712397387043085,2.399776642717058,0.0016180770579999,3.03070624302475,5.0288803562745,7.0288139627965,9.03192588884
153,0,0,lifetime,3331.0,4.824290488631153,2.118128074661753,0.001618077253,3.025388311099,5.01749241934,7.005904653842,8.033913491827
154,0,0,lifetime,2776.0,4.358147037388955,1.7174094532995037,0.001618079405,3.027235874061,4.028625724837,6.016898184652749,7.03240109032
155,0,0,lifetime,2602.0,4.580280962077941,1.724115169922738,0.0016180783549999,3.02689127197425,5.008113308322001,6.02525387706375,7.031884964514
156,0,0,lifetime,2807.0,4.3339226362122,1.8532174843582565,0.001998077833,3.01754830363,4.030240220849,6.017471679044,7.034514184654
157,0,0,lifetime,3764.0,5.625042675496161,2.3312358660489494,0.00199808453,4.00572473750925,6.0097835817905,8.01173719927675,9.031851080363
158,0,0,lifetime,3582.0,5.750622915188617,2.420997787245624,0.001998088103,4.0102330603485,6.0175825514865,8.02260570332925,9.032283415849
159,0,0,lifetime,3500.0,5.392079279449234,2.3243001901503013,0.001998082821,3.0333920810117503,5.033693899968,7.029587760251751,9.032010618151
160,0,0,lifetime,3440.0,5.497002600246871,2.383232192991103,0.001998081356,3.0297427801135,6.002078154463,7.030939349731501,9.030544289167
161,0,0,lifetime,3994.0,5.675273849841481,2.334184579520429,0.001998076421,4.0153546363025,6.018656460512499,8.01799392675675,9.038449401097
162,0,0,lifetime,4090.0,5.39629636754427,2.4068934491674185,0.00199807338,3.0372199289615,5.036434456412,7.0349446885547495,9.034023870552
163,0,0,lifetime,3568.0,5.380610538238112,2.3641683677034195,0.001998074071,3.0382694092455003,5.0345232262885,7.0328955887415,9.032921422177
164,0,0,lifetime,3118.0,4.49170756043463,1.778759526529381,0.001998077793,3.0277075059152496,5.0081828991865,6.0208597330195,7.036608066676
165,0,0,lifetime,3100.0,4.531655809707208,1.7158429462042553,0.001998077086,3.03175044658025,4.037195508697,6.02449156587675,7.035307762092
166,0,0,lifetime,2790.0,4.759961917752341,1.7554265119104746,0.0019980763039999,3.03250260881175,5.020103582166,6.027167964613,7.032412243809
167,0,0,lifetime,3740.0,5.25795525082052,2.440254780536049,0.001998076614,3.030587604503,5.027694623078499,7.03131753612175,9.03252049234
168,0,0,lifetime,3505.0,5.570217790560199,2.442321569928268,0.001998076749,4.007323796259,6.001998101015,8.017502404675,9.030166190206
169,0,0,lifetime,3689.0,5.238407302168598,2.332955129280671,0.001998077214,3.035223608757,5.024488872612,7.030023770775,9.036891953763
170,0,0,lifetime,2913.0,4.540595081803282,1.7353753864211512,0.001998078739,3.025893842381,5.012005566743,6.019090899622,7.028822357681
171,0,0,lifetime,3768.0,5.472877031294894,2.3300015082489205,0.001598076995,4.00668483293875,5.033437393539,7.02878663976525,9.031665196251
172,0,0,lifetime,3045.0,4.5624342735433485,1.8019221827452483,0.001598075946,3.025606912294,5.014979235439,6.023356806434,7.031177904285
173,0,0,lifetime,3282.0,4.462101644502379,1.7554290345091812,0.00159807651,3.022497824693,5.0023732219685,6.02214375754825,7.037261656951
174,0,0,lifetime,2795.0,4.3689607030192255,1.7918092329418154,0.001598078029,3.023603234351,4.033940901593,6.012470658089001,7.031264540955
175,0,0,lifetime,3357.0,4.402056173340673,1.837687716255644,0.00159807454,3.018715123109,4.040143429482,6.028227700306,7.039175729846
176,0,0,lifetime,4480.0,5.537911212619498,2.2979652460844138,0.001598073127,4.0122959612025,6.009481208234,7.03654408081425,9.037231242864
177,0,0,lifetime,4840.0,5.361987832025197,2.366476451032905,0.001598077297,3.03360086841125,5.0307108955935,7.0309846003935,9.033700821593
178,0,0,lifetime,4826.0,5.393004644127752,2.412730086700067,0.001598076756,3.03537158073225,5.032096200088,8.008143287445499,9.034941628721
179,0,0,lifetime,4492.0,5.416454217376911,2.417559548322548,0.0015980775829999,3.03164076222,5.034036749837,8.00227780834475,9.032388357376
180,0,0,lifetime,3830.0,5.433277723246811,2.5169915919704025,0.0015980795929999,3.0266823567572496,6.0064132752805,8.00595450318775,9.03105232999
181,0,0,lifetime,4375.0,5.687221558288364,2.3319468077905814,0.001598082113,4.0085513570685,6.020232626676,8.008511478405499,9.033881380821
182,0,0,lifetime,4153.0,5.6166543106476405,2.378142708550033,0.001598077145,4.010339699227,6.014986131664,8.013017962595,9.037470015308
183,0,0,lifetime,3609.0,5.496642833136241,2.458527399747013,0.001598076331,3.026727064378,6.010195534072,8.010222064379,9.029125938197
184,0,0,lifetime,3519.0,4.448132021986822,1.8824255857021657,0.001598080272,3.022043859966,5.001578166698,6.0237284635535,7.035432876783
185,0,0,lifetime,2895.0,4.470722139768999,1.8428679074013028,0.00159808257,3.023626559004,5.009797279653,6.0300621143845,7.039109424967
186,0,0,lifetime,3429.0,4.58446483059803,1.7476218422015704,0.001598076761,3.031372852797,5.012583560543,6.028678455869,7.036752426552
187,0,0,lifetime,3722.0,4.533441813852835,1.7268911481300646,0.002018078623,3.030144764596,5.0116176340735,6.01911328128475,7.03958703753
188,0,0,lifetime,3892.0,4.445133302521864,1.8102905702161856,0.002018076526,3.01981856197775,4.03799971129,6.0237335932595,7.036431803571
189,0,0,lifetime,3424.0,4.574986076927065,1.820505472337307,0.002018080037,3.02919626952775,5.0139742829775,6.03111636394175,7.042174585992
190,0,0,lifetime,4748.0,5.75541975023165,2.352683514098672,0.002018079144,4.02269203118425,6.021865982377,8.01625836992225,9.044156773958
191,0,0,lifetime,3075.0,4.409607755553598,1.8835125174902247,0.00201807873,3.01833443934,4.030776392893,6.020196497408,7.032197101208999
192,0,0,lifetime,3463.0,4.629962144042677,1.794081702387836,0.002018081783,3.024304806433,5.020800295857,6.027820372981999,7.034946339523
193,0,0,lifetime,4431.0,5.301439415214536,2.352579547883656,0.002018078008,3.0319237419105,5.027029664009,7.029750444268,9.03356359435
194,0,0,lifetime,4273.0,5.380685897891738,2.412823332715747,0.002018079846,3.031965088293,5.032561313248,7.033279008181,9.032836647265
195,0,0,lifetime,3843.0,4.61441008077523,1.7596462141574631,0.002018078348,3.038799441626,5.013606184192,6.0281125451155,7.040203832361
196,0,0,lifetime,4318.0,5.433284622563167,2.4522217839203138,0.00201808436,3.03113326738,5.034067033189,8.00789495079925,9.0341270307
197,0,0,lifetime,4143.0,5.625323941493761,2.3872367936818084,0.002018082474,4.0090955606495005,6.018675618884,8.0104638642515,9.036291772934
198,0,0,lifetime,4693.0,5.336267049025968,2.475557719519966,0.0020180818489999,3.030130463575,5.033871870519,7.032308010753,9.033703905262
199,0,0,lifetime,4345.0,5.462785158036929,2.332671526861075,0.002018080596,4.004964721315,5.035082578668,7.035365807969,9.034468353201
200,0,0,lifetime,3467.0,4.409457733721863,1.8092556419824053,0.00201808472,3.021391757476,5.004724439043,6.0193919509735,7.034990502286
201,0,0,lifetime,4134.0,4.878536358788114,2.184675616171345,0.002018077745,3.02077047318775,5.016744878899,7.0132858290805,8.035952577895
202,0,0,lifetime,4596.0,5.686226239833895,2.3856032428549923,0.001538080293,4.01318616041675,6.021641048967,8.02287216369475,9.041871316656
203,0,0,lifetime,4989.0,5.580441151027638,2.3294660793087667,0.001538076968,4.011882244799,5.04132601877,8.007461575495,9.039211434555
204,0,0,lifetime,4864.0,5.562819723156838,2.3114232151681366,0.001538077442,4.00910118814575,6.009101047822,8.00910141959325,9.040091140256
205,0,0,lifetime,4290.0,5.243841560697649,2.0715878947043875,0.001538083643,4.012569403997,5.0403697087355,7.028371150552999,8.040055549825
206,0,0,lifetime,5236.0,5.554299449037969,2.4009602468336446,0.001538078817,4.010429818769,6.008113210056999,8.015944264003998,9.038156937216
207,0,0,lifetime,5317.0,5.714362582494766,2.366175168194688,0.0015380799849999,4.022278262597,6.018428803165,8.021623781614,9.039606473412
208,0,0,lifetime,4035.0,5.052761706012404,2.078005440042248,0.0015380749939999,3.034272309041,5.025226230158,7.0210457221735,8.035503833054
209,0,0,lifetime,3328.0,4.458813159072325,1.8897642116255973,0.0015380764609999,3.0127537924565,5.006983503887,6.020725580015499,7.034829774923
210,0,0,lifetime,4769.0,5.717143211878769,2.3842559858270107,0.001538075302,4.012953851583,6.018531514228,8.017130962951,9.035821615275
211,0,0,lifetime,4939.0,5.397169493232809,2.392635224373712,0.001538075464,3.038618068733,5.036122949361,8.0015381114415,9.035664159171
212,0,0,lifetime,3757.0,4.485964970467044,1.82759872688263,0.0015380749409999,3.02627291114,5.005296550692,6.027728865984,7.036704258607
213,0,0,lifetime,3771.0,4.341472289470084,1.7901044527820915,0.001538078454,3.0205784819485,4.030662709429,6.0135112445675,7.031913150786
214,0,0,lifetime,3910.0,4.541948422557805,1.7869728357014374,0.001538078329,3.02792643577775,4.042747113028501,6.0288513269705,7.040932025649
215,0,0,lifetime,4077.0,4.319148189128832,1.813037733686916,0.001538076612,3.021836250993,4.033433745224,6.012222452855,7.034689345129
216,0,0,lifetime,3721.0,4.668904636813595,1.696651793290043,0.0015380780859999,3.035459669713,5.01392061764,6.028188985709,7.037636989022
217,0,0,lifetime,3108.0,4.587120068601204,1.834617986654775,0.001538077864,3.02537664622725,5.008907492015499,6.02804482168375,7.033361340876
218,0,0,lifetime,4066.0,4.490197308472647,1.796497908749161,0.002238078238,3.0274326513642498,4.039605683942,6.024223143125,7.037699139488
219,0,0,lifetime,4463.0,4.900087763796802,2.1109391330878493,0.002238079692,3.027400174073,5.019604344122,7.0107374473495,8.034206076078
220,0,0,lifetime,5374.0,5.439961958465938,2.3222580651387155,0.002238078383,3.04109023323525,5.0428865813065,7.039667407887249,9.038321464355
221,0,0,lifetime,5408.0,5.495482465518229,2.4768527070773514,0.002238074986,3.03384857759675,6.0136061516055,8.00971884809675,9.037659722339
222,0,0,lifetime,4943.0,5.223701163627884,2.413531818002551,0.0022380779809999,3.030647817068,5.030530512955,7.030862759675999,9.034455780886
223,0,0,lifetime,5526.0,5.657242135898856,2.335030662400733,0.0022380796079999,4.01731254386275,6.0126621246455,8.014460798300501,9.039871121162
224,0,0,lifetime,5260.0,5.538580582724424,2.327013262023272,0.002238077057,4.0123344325557495,5.0401186769790005,8.01036919653675,9.038679550784
225,0,0,lifetime,4501.0,5.158080698944373,2.0476273473649296,0.0022380788499999,3.044682209371,5.035114318212,7.025516951532,8.04122397818
226,0,0,lifetime,4679.0,5.137200571162773,2.1238598702605187,0.002238077268,3.029953541326,5.032702691877,7.0213991376125,8.034455145252
227,0,0,lifetime,4300.0,4.360722707428151,1.7905372202907626,0.00223807719,3.01755755072175,4.0326434255525,6.01784077687925,7.034894048908
228,0,0,lifetime,3828.0,4.625902322009071,1.7872536462256243,0.002238077561,3.030115700229,5.010433511864,6.0325588901425,7.037358378798
229,0,0,lifetime,3571.0,4.509971868333212,1.841210730524792,0.002238077621,3.025220151289,5.008093287026,6.028717896459,7.042357582638
230,0,0,lifetime,5096.0,5.511261509939409,2.413832715459624,0.002238078673,3.0396961149177497,6.009846416366,8.010913493787001,9.038667656309
231,0,0,lifetime,4856.0,4.938468409896239,1.985495549958324,0.002238077299,3.035849222408,5.0293424755575,7.00574487713075,8.037732658154999
232,0,0,lifetime,3999.0,4.548299529885962,1.755347953884164,0.002238074682,3.0302806550435,5.003496607951,6.028188737859001,7.038322783306
233,0,0,lifetime,4106.0,4.596000283270704,1.7637003273662966,0.00209807787,3.038087479037,5.015408070206,6.03192312969175,7.0444996058
234,0,0,lifetime,4149.0,4.346199752922655,1.859518120600792,0.002098073753,3.010948613695,4.034870098397,6.022566604909,7.036269850744
235,0,0,lifetime,3569.0,4.563142248047278,1.820385921187514,0.002098077008,3.026187181743,5.005333028171,6.028702961128,7.038082331017
236,0,0,lifetime,3882.0,4.574745724709814,1.6983201245573702,0.00209808046,3.033484313051,5.011114077929999,6.02168825344075,7.037580124764
237,0,0,lifetime,4333.0,4.638536198797111,1.8100984287531896,0.002098078791,3.02824168609,5.020148759704,6.028401989673,7.040812952489
238,0,0,lifetime,4402.0,4.47509575359602,1.8822056844448136,0.00209807636,3.0205478883977497,4.040990761198,6.02917987480625,7.051017851808
239,0,0,lifetime,4413.0,4.419735656588009,1.8018567664269876,0.002098077286,3.021355501393,4.037118137931,6.022571766056,7.036979103336
240,0,0,lifetime,4240.0,4.461017228119903,1.7345463839493376,0.002098076835,3.02634474179525,4.035609247775,6.02001381706075,7.035581296535
241,0,0,lifetime,5905.0,5.106240180180577,2.012041503599093,0.002098076124,3.042656523206,5.034211740377,7.022615668853,8.041754217698
242,0,0,lifetime,3860.0,4.521687414107782,1.7540367346345869,0.00209807618,3.02807398821625,5.00871097048,6.020858264540999,7.034805244774
243,0,0,lifetime,3860.0,4.521687414107782,1.7540367346345869,0.00209807618,3.02807398821625,5.00871097048,6.020858264540999,7.034805244774
244,0,0,lifetime,4580.0,4.4664663176173285,1.7239948799792515,0.002098076006,3.0353162415605,5.0019180898285,6.022005809911,7.037496384101
245,0,0,lifetime,3710.0,4.442443359785351,1.835329413578692,0.002098076869,3.024120574303,4.0349132528545,6.0278316508205,7.035435007369
246,0,0,lifetime,4324.0,4.507445541983904,1.773933325174763,0.002098076306,3.036325055913,4.041578660837001,6.026532287129751,7.040086560754
247,0,0,lifetime,4138.0,4.504474792606678,1.8579873450536657,0.002098078252,3.0174273384575,5.0051647159855,6.029893236714,7.037735072474
248,0,0,lifetime,4089.0,4.648896942523231,1.7183793533894094,0.002098079448,3.037026604528,5.014878607301,6.029832353602,7.040153925507
249,0,0,lifetime,4255.0,4.363979258118589,1.8749679398117565,0.001618076104,3.0177032151895,5.004136308705,6.02330723357,7.038731170133
250,0,0,lifetime,5054.0,4.470461583955709,1.8778717205354007,0.00161807595,3.027278049739,4.041775603326499,6.02834569623225,7.040961073372
251,0,0,lifetime,4030.0,4.480467045966395,1.9047928141433224,0.001618078842,3.01893903380675,5.0048647428665,6.036356924771249,7.039648433894
252,0,0,lifetime,4326.0,4.442109019422229,1.78949890077885,0.0016180773849999,3.02942941509075,4.042325311545,6.022577611809,7.040477330538
253,0,0,lifetime,6228.0,5.691379486787512,2.370335468012921,0.001618079088,4.0184885376032495,6.0261492470335,8.01868708780675,9.04986489224
254,0,0,lifetime,5870.0,5.476426887014263,2.374226051415097,0.00161807754,3.0418970361275,6.001618114533,7.04217602383075,9.040032967297
255,0,0,lifetime,4982.0,4.967506173291006,2.123177889910313,0.001618080284,3.0352140698742502,5.0254149085495,7.01775025733475,8.039670193293
256,0,0,lifetime,5130.0,4.881291165664161,2.150833354118878,0.0016180775479999,3.031339833221,5.0254314172045,7.01814055147525,8.042609849846
257,0,0,lifetime,5614.0,4.852562357532503,2.133633259660477,0.001618077673,3.03490153694075,5.0237044151575,7.014042635327,8.038021784446
258,0,0,lifetime,5027.0,5.013743085530364,2.098039837295489,0.001958078746,3.0388122277755,5.030250082139,7.0189948925515,8.041033172824
259,0,0,lifetime,4939.0,4.9526470046890205,2.193403052455896,0.001958078438,3.02961277332,5.019878910752,7.0228556844905,8.036693198879
260,0,0,lifetime,5036.0,4.603403611643264,1.808644569372433,0.001958073055,3.03213347255625,5.017348466041,6.03331594961875,7.04233961573
261,0,0,lifetime,5360.0,5.436788324636562,2.3000547146088395,0.001958074313,4.0040327411955,5.0391069562110005,7.0363955564015,9.037844639161
262,0,0,lifetime,4543.0,5.018869970270313,2.0682097996499382,0.001958075305,3.035833913453,5.028800386359,7.017175769,8.044679270976
263,0,0,lifetime,4242.0,4.489896616658319,1.7291431073724497,0.001958075143,3.02911968081225,4.044576967809,6.02908450929225,7.044444473743
264,0,0,lifetime,5116.0,4.464872305106511,1.798380857308037,0.002098076623,3.03387031863075,4.0510676215375,6.03030364038575,7.048357148241
265,0,0,lifetime,4851.0,4.4695345848814325,1.7476110017826223,0.0020980748439999,3.031764897463,5.00157809941,6.0256038000475,7.038149865498
266,0,0,lifetime,4613.0,4.4654558925499,1.6827224729222976,0.002098077085,3.032866368968,4.046865418968,6.015411056639,7.047476018048
267,0,0,lifetime,5501.0,4.989719800250845,2.070967674219805,0.002098076858,3.041879674088,5.030743231848,7.017756532727,8.043822153283
268,0,0,lifetime,6287.0,5.162708766764933,2.083994042394276,0.002098077197,3.0437405342745,5.041249779849,7.027806061377,8.045935393396
269,0,0,lifetime,6172.0,5.697478191702627,2.3621812769865365,0.002098077557,4.012134861011,6.0201324766315,8.020352451493999,9.036448909045
270,0,0,lifetime,4895.0,4.998369722557907,2.047543655872393,0.0020980783219999,3.0400730520185,5.028635670005,7.016310658295,8.040141458918999
271,0,0,lifetime,5386.0,5.016086150305006,2.0371232869037224,0.0020980782,3.0378764438615,5.0318562042985,7.01021939231725,8.039304938019999
272,0,0,lifetime,5386.0,5.016086150305006,2.0371232869037224,0.0020980782,3.0378764438615,5.0318562042985,7.01021939231725,8.039304938019999
273,0,0,lifetime,4398.0,4.400455460431833,1.8554905822265548,0.001658074719,3.023758729371,4.043651620787999,6.02618730159025,7.041672183192
274,0,0,lifetime,5162.0,4.635619648440908,1.8230130830469649,0.0016580759979999,3.02947925193175,5.012652271983,6.03149645247675,7.03952118844
275,0,0,lifetime,6256.0,5.152988124736898,2.06788863203213,0.001658075178,3.0416297234627496,5.035292770532,7.026628118044499,8.041213630197
276,0,0,lifetime,5785.0,5.603279755036208,2.3095381029604742,0.001658076513,4.025411137725,6.013653966947,7.047787140846999,9.045823051695
277,0,0,lifetime,4725.0,4.541157553988717,1.7657680338515094,0.001658071414,3.03319584826,5.012965246934,6.029028672281,7.04580687416
278,0,0,lifetime,5731.0,5.561141042584599,2.317887261252378,0.001658076413,4.0088437168155,6.004136852491,8.0016581609115,9.049491886517
279,0,0,lifetime,5351.0,5.128444034421573,2.079801740734053,0.001658075532,3.037176301569,5.029610863973,7.02397090086,8.037786441957
280,0,0,lifetime,5374.0,5.152127961085104,1.9859395804871025,0.001958074492,3.04783819666125,5.033098438946499,7.02346355722025,8.047393413099
281,0,0,lifetime,6182.0,5.36621172745024,2.43925324537985,0.001958076208,3.0391125861132497,5.0401546520485,7.04128973612425,9.041361747486
282,0,0,lifetime,5330.0,4.502528906565482,1.8281510751963412,0.001958077743,3.03118923185075,5.016958252149999,6.0348012533665,7.052624135198
283,0,0,lifetime,6480.0,5.310756192701799,2.3349082678588693,0.001958076487,3.04446034390975,5.0419206759515,7.038398596641,9.04389673461
284,0,0,lifetime,4902.0,4.547907745204018,1.8102683933034356,0.001958070937,3.03078764236475,5.0040766093945,6.0231447361445,7.040784282652
285,0,0,lifetime,4872.0,4.508094326349399,1.7223738004176383,0.001958076183,3.0386374957185,5.0112793900445,6.021061489509,7.043828432862
286,0,0,lifetime,5435.0,4.5757310695512015,1.7164025334866484,0.001958077844,3.0345880279105,5.010645731724,6.025002173482,7.042533201638
287,0,0,lifetime,4785.0,4.6991322532377,1.80255265896886,0.001958077312,3.036922988098,5.012491224689,6.039842118894,7.041578039535
288,0,0,lifetime,5336.0,4.432120790954358,1.8394373356750269,0.001958078876,3.0205395118562497,5.001898083288999,6.025265864976499,7.040167911302
289,0,0,lifetime,5304.0,4.352774497380939,1.7655546607786523,0.001958076268,3.0252955571192497,4.0402397215385,6.023121782007751,7.043844292415
290,0,0,lifetime,6133.0,5.491715821043522,2.3187962321845745,0.002038077051,4.014206448927,5.044069935307,8.006417406021999,9.040705449999
291,0,0,lifetime,6563.0,5.58639514113734,2.3528461001599377,0.00203807788,4.009934113251999,6.007582571636,8.015765939188,9.041741916644
292,0,0,lifetime,6450.0,5.5789437258152415,2.4262156110431565,0.002038076831,4.01020988132175,6.0132159293545,8.0194374336605,9.045186551622
293,0,0,lifetime,4601.0,4.46096468152712,1.8224846961216783,0.002038074109,3.030136172925,4.042312343288,6.029396492185,7.042498265656
294,0,0,lifetime,5785.0,4.9363898463248645,2.0670881215810746,0.002038074307,3.043521751601,5.027451644467,7.015925295285,8.044720135683999
295,0,0,lifetime,7620.0,5.679157189158841,2.2647986470456947,0.001498073419,4.02723114471375,6.0143644230315,8.02150360411625,9.049094370076
296,0,0,lifetime,6388.0,5.716222617821116,2.285509515508203,0.001498076415,4.01562534942975,6.023447582543,8.01199053410275,9.0473829567
297,0,0,lifetime,5769.0,4.483636407720851,1.7421604177155936,0.001498074057,3.028905547952,4.04799621186,6.030069027221,7.046097002097
298,0,0,lifetime,5430.0,4.557937748454214,1.789955965739187,0.001498077003,3.03235006337725,5.0124324368885,6.03501702183525,7.046302742277
299,0,0,lifetime,5074.0,4.419154456559724,1.7982383319185598,0.001498079301,3.022240217664,4.0405105252855,6.02603285576675,7.0457594211
300,0,0,lifetime,5563.0,4.546540159740299,1.7846471643677888,0.001498077805,3.0279109722305,5.013536130902,6.032388449419,7.056128333838
301,0,0,lifetime,7395.0,5.525590195182819,2.375093006038984,0.001498076729,4.0014981554555,6.020788071928,8.017225284030001,9.04682112674
302,0,0,lifetime,4873.0,4.597721061788394,1.7443940302918892,0.001498077258,3.029179934147,5.0203685022,6.035263913035,7.044254858775
303,0,0,lifetime,5039.0,4.621105044491686,1.7672180286968222,0.0014980781159999,3.034617702933,5.017811065576,6.0350670253235,7.046707482992
304,0,0,lifetime,4974.0,4.558597051795857,1.8159265737194248,0.001498077175,3.0327842908167497,5.0096696264965,6.032121380499,7.048681054668
305,0,0,lifetime,5313.0,4.661760966089609,1.7566713164982752,0.0014980754069999,3.041736542224,5.020230617149,6.036714372814,7.048892967854
306,0,0,lifetime,5434.0,4.4691024910359385,1.7976189552359931,0.001498074518,3.032743964123,4.048561741753,6.03113519026625,7.050968675436
307,0,0,lifetime,5434.0,4.4691024910359385,1.7976189552359931,0.001498074518,3.032743964123,4.048561741753,6.03113519026625,7.050968675436
308,0,0,lifetime,5598.0,4.459381319287318,1.8409395945682163,0.002098078891,3.0267126277265,4.047783293142,6.03251293606375,7.046643716589
309,0,0,lifetime,5748.0,4.379181560270521,1.7931205782947737,0.002098075661,3.0315413719822497,4.048855624254999,6.0249873581885,7.050766707329
310,0,0,lifetime,6494.0,5.094902107097417,2.1037672340456623,0.002098076324,3.03957490864875,5.031521300545,7.02396335844475,8.041860171711999
311,0,0,lifetime,4600.0,4.560327596766164,1.8517917301700333,0.002078073369,3.02890120782975,5.0093152671875,6.03470785286,7.050423046633
312,0,0,lifetime,5498.0,4.530335859091865,1.780944822862347,0.002078074737,3.028919037593,5.0130399962565,6.0314809406385,7.046833648444
313,0,0,lifetime,6549.0,5.304154947932548,2.322286151032252,0.002078074382,3.043048806983,5.03728498223,7.038681541314,9.038770577714
314,0,0,lifetime,5474.0,4.449161655244954,1.830114227696904,0.002078077428,3.0240388657755,4.044410738929,6.0277056624105,7.043350045645
315,0,0,lifetime,6130.0,4.484113538503872,1.8355870943541843,0.002078075609,3.03907403956,5.0017981513985,6.039710595039249,7.051265479223
316,0,0,lifetime,7381.0,5.534744645465421,2.3426212672130347,0.002078075881,4.008182747255,6.005884547562,8.005884743193,9.042415010541
317,0,0,lifetime,7461.0,5.593451157816113,2.311352781241875,0.002078075323,4.02119665381,6.006872787901,8.011111614845,9.04803669997
318,0,0,lifetime,5277.0,4.526980534664579,1.8559027320107344,0.002078077958,3.026190760789,5.017976052947,6.030562963617,7.041992841033
319,0,0,lifetime,5102.0,4.513740209991275,1.8067076822818435,0.0020780778709999,3.02822365785075,5.0109693848255,6.03186579332675,7.049355341887
320,0,0,lifetime,5990.0,4.393859955437498,1.825531694625902,0.002078075661,3.0226322827112497,4.048942128034,6.0256558695775,7.047541905593
321,0,0,lifetime,5801.0,4.401428841257414,1.854818437622331,0.002078076596,3.020722895048,4.041950761487,6.024833542208,7.04283724108
322,0,0,lifetime,7919.0,5.524610411400203,2.384913057623229,0.002078078491,3.043279197281,6.014560439739,8.0037962718175,9.0455556848
323,0,0,lifetime,7380.0,5.705914372905728,2.385235957633965,0.002078077375,4.01601438910625,6.029780601092,8.02235834594825,9.047282199684
324,0,0,lifetime,5857.0,4.532062347682739,1.7842276468944904,0.00207807566,3.030904842021,5.018724397117,6.030005055627,7.041608406958
325,0,0,lifetime,6004.0,4.524351109928756,1.8575989429700923,0.0020780751579999,3.02986450461875,5.014334096060001,6.03689501088075,7.04706137205
326,0,0,lifetime,7298.0,5.436058741833575,2.476806259085614,0.001878075233,3.037374290848,5.044616467734,8.01116938803025,9.042337904347
327,0,0,lifetime,8508.0,5.537686529758212,2.274758235112008,0.001878076479,4.02103511053825,6.001978093375,7.049761492872,9.047833586314
328,0,0,lifetime,6003.0,4.498331500542004,1.8393694108466068,0.0018780761429999,3.0269991315415,5.010534286939,6.031083518046501,7.045320411333
329,0,0,lifetime,6178.0,4.210221183325428,1.87322688656184,0.001878076428,3.0071331826015,4.035472769899,6.02909789918375,7.046854100587
330,0,0,lifetime,6244.0,4.509100813322867,1.7696765307962632,0.0018780778779999,3.03085089520275,5.0126734248145,6.03044728886075,7.047562522372
331,0,0,lifetime,6552.0,5.095208855304577,2.0649988913615025,0.001878077693,3.05391595789,5.031836375559999,7.0309916586545,8.052356631453
332,0,0,lifetime,7700.0,5.270494664181031,2.457397139849155,0.001878078192,3.0335168951455,5.041422965253499,7.04437650827125,9.043227955418
333,0,0,lifetime,7817.0,5.481546104932952,2.406926563446841,0.001878076508,3.047649116212,6.001918093928,8.009548603737,9.045349838057
334,0,0,lifetime,5573.0,4.296106141132722,1.8668951595225816,0.0018780779919999,3.013429655036,4.042091932497,6.020114268787,7.043737135587
335,0,0,lifetime,6162.0,4.556232607093436,1.766860159122194,0.001878076323,3.0383878629802497,5.0130300865465,6.033806485716999,7.049485215407
336,0,0,lifetime,4937.0,4.2454375685511225,1.8517767439331412,0.001878078228,3.010751913014,4.023812925619,6.021061538123,7.040573739989
337,0,0,lifetime,6119.0,4.342282451524216,1.81215970257013,0.001878075949,3.024806046324,4.048447411539,6.025194437594,7.048249934177
338,0,0,lifetime,6344.0,4.43027882691298,1.820501256319207,0.001878079273,3.03144867241525,4.049253748338,6.03030107847025,7.049853566577
339,0,0,lifetime,7886.0,5.038867637796438,1.993170053135545,0.0018780755989999,3.04851686238775,5.0336508741575,7.0212280354645,8.044732762124
340,0,0,lifetime,6729.0,4.926142725680229,2.0694424467076424,0.001878074778,3.046378320737,5.022940331391,7.011217235151,8.044647440827
341,0,0,lifetime,6026.0,4.369523338948739,1.852667177054367,0.001878078052,3.018893252943,4.046641900147,6.032439965005,7.047319390044
342,0,0,lifetime,6533.0,4.499830270302507,1.740156625868915,0.001578076334,3.040158917477,4.04939966036,6.032469149515,7.048934567099
343,0,0,lifetime,7255.0,4.998298285347669,2.076917169586572,0.001578074253,3.0471844006485,5.035370706334,7.0256638240210005,8.047521752507
344,0,0,lifetime,8035.0,5.730927588357782,2.396018179005548,0.001578075762,4.0139842228035,6.033629708269,8.023583703409999,9.047241487016
345,0,0,lifetime,8032.0,5.506907869106902,2.434911789312354,0.001578078448,3.0569862092945,6.001578091909,8.019257371813001,9.055303894071
346,0,0,lifetime,7629.0,5.315093367823769,2.446073802671684,0.001578075515,3.040950468123,5.036378371654,7.046426230114,9.04640404398
347,0,0,lifetime,8301.0,5.32671196408453,2.431155555767457,0.00157807598,3.040625512378,5.047723426726,7.048305006997,9.046856181501
348,0,0,lifetime,7794.0,5.548389272706854,2.3629267985200424,0.0015780755669999,4.01793506775125,6.004670612827001,8.01251386004,9.044680971042
349,0,0,lifetime,7814.0,5.34733183058285,2.437310775647945,0.0015780755669999,3.0425942461552498,5.0437827428625,8.0015780939585,9.043781744824
350,0,0,lifetime,7393.0,5.036138900878898,2.163214195788172,0.001578075307,3.03996711335,5.039975732379,7.024822981678,8.050970449309
351,0,0,lifetime,6243.0,4.604337952337584,1.7949890346044364,0.00157807337,3.0346265403265,5.015288087336,6.036095687192,7.048603909981
352,0,0,lifetime,6460.0,4.48303176631016,1.819205199384938,0.001578077224,3.0285573954497496,4.0433195996635,6.03141446810625,7.045342692896
353,0,0,lifetime,6602.0,4.282384513721185,1.756762618886052,0.001578076234,3.02622466506275,4.0415576631555,6.006584900099499,7.044741650188
354,0,0,lifetime,5696.0,4.422375226058542,1.812922894467222,0.001578076942,3.0213510308585,5.00148815106,6.0274574816385,7.045303382198
355,0,0,lifetime,6131.0,4.503292591673389,1.7655443399311082,0.001578075579,3.0328401933375,5.013921246661,6.026313855075999,7.046546218878
356,0,0,lifetime,7106.0,4.979861989268088,2.08184981975105,0.001578074277,3.0416921436985,5.034587076251,7.022037841522,8.047819799997999
357,0,0,lifetime,7729.0,5.359116928441731,2.3725535617517037,0.001418075913,3.041706971222,5.044774065626,7.040090926339,9.04318609063
358,0,0,lifetime,9144.0,5.494884962255409,2.3623116165797486,0.001418076128,3.055032036045,6.0014980811955,7.054842403119,9.052616573542
359,0,0,lifetime,8845.0,5.541488443997816,2.22099528779887,0.001418073266,4.011567083836,6.011164068529,7.051960037397,9.051817966527
360,0,0,lifetime,7691.0,5.692065498538404,2.3008030792191883,0.001418075879,4.022426437534,6.017894087211,8.0199813654995,9.05204967738
361,0,0,lifetime,8432.0,5.535409888592241,2.37262471439578,0.001418077327,4.01182794124325,6.006396903353499,8.00907892837775,9.047070680674
362,0,0,lifetime,9547.0,5.552503073217661,2.3650852983449586,0.001418075233,4.011641879301,6.011930283724,8.0075335487535,9.055404983197
363,0,0,lifetime,7796.0,5.750910223830236,2.282399197958833,0.001418077105,4.017458204791749,6.025796844905,8.02012338588575,9.045745962799
364,0,0,lifetime,9051.0,5.505333934964612,2.37338015926285,0.001418077081,3.0498540144975,6.012711430621,7.049552492638,9.047363705637
365,0,0,lifetime,6128.0,4.392346710231656,1.7667708867998462,0.0014180762709999,3.02875303331225,4.0510262448555,6.0247248991132505,7.050716764995999
366,0,0,lifetime,7776.0,5.488979402924535,2.3399573543842336,0.001418077726,4.001418165179,6.001698077774,7.04652100970025,9.044667002451
367,0,0,lifetime,6190.0,4.44836134507929,1.8013200272516765,0.0014180786639999,3.02753757303425,4.0463660347825,6.029096061908,7.04669309713
368,0,0,lifetime,7067.0,4.569700648301505,1.839570125427465,0.0014180768729999,3.033278244942,5.01377601057,6.045475748773001,7.053834924628
369,0,0,lifetime,8182.0,5.354785904135458,2.4942937375568004,0.001418077914,3.0408279016967503,5.042278458059,8.0056301150025,9.043974604272
370,0,0,lifetime,9255.0,5.51598682651918,2.3493536827077905,0.001418074946,4.0070850866875,5.057049603711,7.0569718185605,9.056666859656
371,0,0,lifetime,7110.0,4.971855867748735,2.125106435569101,0.00141807684,3.0398295095355,5.030526031353,7.026492862165,8.052127352455999
372,0,0,lifetime,8060.0,5.417306703209853,2.387307425440991,0.0014180794,3.0501914210505,6.002018154457,7.046720614209249,9.046480621419
373,0,0,lifetime,8337.0,5.544265336169835,2.3703227512248146,0.001938080105,3.054660730541,6.015122434274,8.007293138412999,9.051282541616
374,0,0,lifetime,6873.0,4.386079886776232,1.7947045058063358,0.0019380782429999,3.02960336581,4.048159883801,6.021990430759,7.046915040526
375,0,0,lifetime,8866.0,5.503254209254416,2.3884220177722235,0.001938076896,3.05571755133775,5.052041803496,8.010839646078,9.053372219519
376,0,0,lifetime,7416.0,4.625662767884484,1.7415469043188283,0.001938074347,3.0459593873285,5.019163291914,6.044607160042,7.054086434774
377,0,0,lifetime,8915.0,5.605254710976854,2.335396829782701,0.001938077452,4.015594443922,6.013652643582,8.007667168943499,9.051358825227
378,0,0,lifetime,8773.0,5.620183388462347,2.302319287801005,0.001938076045,4.011341839856,6.013258273709,8.004616741407,9.046722162936
379,0,0,lifetime,7946.0,4.982431207612837,2.1886551673187102,0.001938071398,3.036554383571,5.031048082538,7.033723972905749,8.052282960387
380,0,0,lifetime,8275.0,4.918684270507916,2.061870739908945,0.001938077066,3.0454572196325,5.025967279278,7.022138397939,8.048587026618
381,0,0,lifetime,8474.0,5.311903047545148,2.3895029852623018,0.001938077094,3.046318584497,5.037113055174499,7.04664915187325,9.046155572189
382,0,0,lifetime,8531.0,5.083869330777607,2.059512317851642,0.001938078955,3.0491206965075,5.04164180259,7.028084580231,8.054409530956999
383,0,0,lifetime,7277.0,4.462397663792361,1.76736412871131,0.001938078653,3.037068289633,4.054689383893,6.036085232943,7.057760494288
384,0,0,lifetime,6892.0,4.5547417462829936,1.8041818541468264,0.001938080323,3.03960492386575,5.020251053193,6.03750478358125,7.052351297277
385,0,0,lifetime,7012.0,4.556968071321164,1.7925582780365936,0.001938077041,3.0450768309735,5.011133351679,6.03699081109275,7.052053916739
386,0,0,lifetime,6202.0,4.376058279903825,1.8230314679685,0.001938075461,3.025393546749,4.0425952028304994,6.02936313394575,7.041830914144
387,0,0,lifetime,8388.0,5.5703615241582405,2.345087289364486,0.001938079647,4.00163812007575,6.013927614343499,8.014385910516749,9.049661279734
388,0,0,lifetime,8309.0,4.970666009036819,2.0904414893492045,0.00191807636,3.04002655315,5.035528032602,7.02370653202,8.049712422731
389,0,0,lifetime,6777.0,4.526927077169447,1.801537617442296,0.001918072218,3.030323062231,5.00893110262,6.036755604438,7.046582968476
390,0,0,lifetime,7470.0,4.742933902962868,1.7486746776725164,0.001918072892,3.0546363789595,5.032205047125,6.0506005006145,7.057236451634
391,0,0,lifetime,9059.0,4.952937770801907,2.011894899359572,0.001918074166,3.049420920172,5.037488803086,7.001918079408,8.049691554307
392,0,0,lifetime,6818.0,4.528185244714708,1.7940814131531695,0.0019180763839999,3.032213302669,5.010053233548,6.03202956935325,7.046547674249
393,0,0,lifetime,7549.0,4.481856392485533,1.7750787126122705,0.001918076305,3.03251535358,5.001578167407,6.034244376793,7.049251071669
394,0,0,lifetime,7120.0,4.379225190310409,1.8376739839121632,0.0019180756249999,3.02358498400425,4.047723035262,6.027855661984,7.048494535607
395,0,0,lifetime,8151.0,4.599810920110785,1.7979535606385917,0.0019180817079999,3.0402752921275,5.016890451531,6.038023732454,7.050015496571
396,0,0,lifetime,6744.0,4.461226130870049,1.854140447010708,0.001918077682,3.0298624244375,5.0019181908385,6.03076887760325,7.051904669313
397,0,0,lifetime,7678.0,4.470210181030169,1.782797450844826,0.001918074412,3.0321025641685,5.0082329953095,6.031624694602749,7.049574744468
398,0,0,lifetime,7520.0,4.54720697315957,1.68072896517622,0.001918077403,3.04262526222275,5.009365015507999,6.0281260799,7.048010526602
399,0,0,lifetime,7247.0,4.460408375705731,1.780121549916276,0.001918074526,3.0310253862665,4.049103382773,6.0317708747920005,7.047617921207
400,0,0,lifetime,6915.0,4.54899882603352,1.7431583718762882,0.0019180750869999,3.0350900298475,5.007277424056,6.0333603356920005,7.052330556246
401,0,0,lifetime,7550.0,4.479323025858425,1.767773273124435,0.00191807733,3.0381616609557502,5.00507019792,6.029774722436,7.050060401246
402,0,0,lifetime,6899.0,4.545521780524557,1.8155180397745936,0.0019180774129999,3.0316406046485,5.011556284825,6.0378730431785,7.051792315494
403,0,0,lifetime,6899.0,4.545521780524557,1.8155180397745936,0.0019180774129999,3.0316406046485,5.011556284825,6.0378730431785,7.051792315494
404,0,0,lifetime,10186.0,5.62627995165741,2.266457123919627,0.00199807412,4.01562813914775,6.0063674629345005,8.00915780431725,9.05011325651
405,0,0,lifetime,7798.0,4.566357985617209,1.8213333539372447,0.001998076595,3.0316055097872496,5.0257441275855,6.03968705507125,7.051238695014
406,0,0,lifetime,7226.0,4.57047096350801,1.717528654048993,0.001998077915,3.0496359456675,5.0117833287075,6.0359224836535,7.055715193335
407,0,0,lifetime,7119.0,4.538845434621572,1.7880449728104024,0.0019980773849999,3.031154164744,4.048486348083,6.034759338752499,7.052560304709
408,0,0,lifetime,7102.0,4.41871219829387,1.7847019192910727,0.001998073957,3.031539193837,4.050921316277,6.028544137945,7.049253986583
409,0,0,lifetime,7130.0,4.554267145728535,1.7480764662188524,0.001998077522,3.0482863243845,5.015022332901999,6.0336949620575,7.057268022
410,0,0,lifetime,7038.0,4.34064798277841,1.8523653686423,0.001998079265,3.01840082467725,4.0489425730385005,6.03114585646375,7.051964628843
411,0,0,lifetime,6556.0,4.41664336129168,1.8075506751570831,0.001998078385,3.0276103599425,4.0483891962765,6.02618092756075,7.047845242276
412,0,0,lifetime,7327.0,4.371550017604166,1.7429666092478913,0.001998078108,3.034006759134,4.046629094178,6.025901250872,7.051920841638
413,0,0,lifetime,7790.0,4.312740141087021,1.7800181034095397,0.001998076984,3.02806194708675,4.0420005666925,6.02053594585075,7.050407123194
414,0,0,lifetime,7891.0,4.498648180156025,1.8307295165450816,0.001998074309,3.026167748318,5.013831992462,6.0402469869345,7.052724338409
415,0,0,lifetime,6901.0,4.649363316187632,1.784882821650941,0.001998074911,3.036901114863,5.028423531407,6.044294556073,7.050143028039
416,0,0,lifetime,7171.0,4.649089217287621,1.8347741182842232,0.0019980740199999,3.039386095535,5.018445500239,6.037747270215499,7.052416423938
417,0,0,lifetime,6639.0,4.270427928667237,1.8169614614372105,0.001998077685,3.026067913207,4.040620703331,6.0210546943855,7.048060550458
418,0,0,lifetime,7598.0,4.453023956633194,1.781783176061058,0.001998074056,3.037402915558,4.0554317652325,6.03688837286875,7.053076000108
419,0,0,lifetime,7272.0,4.559484274379765,1.7740980209497983,0.001898079697,3.0380056941942497,5.015443545686,6.0391258493705,7.052310573693
420,0,0,lifetime,6913.0,4.574440470646298,1.802502801629196,0.0018980765,3.034862915971,5.014169518839,6.036909653212,7.053915756793
421,0,0,lifetime,8368.0,4.518796400656232,1.848059845207036,0.001898076066,3.032521411368,5.011759072166,6.039749723931,7.056768937435
422,0,0,lifetime,6982.0,4.367433369832532,1.83598502993908,0.001898082,3.033002454459,4.05104354659,6.029921808576249,7.048693954099
423,0,0,lifetime,7550.0,4.915676347618978,2.2168714997115133,0.001898081863,3.025037460207,5.033489118196,7.02701356754375,8.048178217774
424,0,0,lifetime,7802.0,4.487294298527575,1.7910762442105357,0.001898082294,3.04067007645225,4.054089980184,6.035209543965,7.052704000318
425,0,0,lifetime,7207.0,4.366380310058382,1.8118072468716648,0.001898076498,3.027673828199,4.056325567987,6.029779790400999,7.052507474818
426,0,0,lifetime,8439.0,4.447096826425157,1.8037414315920437,0.001898075249,3.036451921874,5.010261350645,6.034538765200001,7.056371491065
427,0,0,lifetime,8595.0,4.467966357884793,1.8644183405785937,0.001898076448,3.029571427958,4.06187112799,6.0401944622685,7.061904348911
428,0,0,lifetime,7244.0,4.601663772919844,1.7678629781343551,0.00189807623,3.0416438473525,5.00784295429,6.0385081258535,7.0537398947
429,0,0,lifetime,8637.0,4.36404280347324,1.8904747348564157,0.001898074452,3.023073743448,4.051584188967,6.037976767935,7.051400428785
430,0,0,lifetime,7258.0,4.423722587795116,1.8306975554100176,0.001898075239,3.0316966857385,4.047159873809999,6.02986138634475,7.053161705162
431,0,0,lifetime,8015.0,4.40660029271259,1.803121287266006,0.0018980728979999,3.037850504075,4.050072170016,6.0301733559590005,7.053677568583
432,0,0,lifetime,8741.0,4.547364971943592,1.7292690208999346,0.001898074447,3.044377758208,5.013474048349,6.03947131249,7.058809289111
433,0,0,lifetime,7913.0,4.371762306200516,1.9066653678834915,0.001898074552,3.020813346262,4.04795314135,6.032010292559,7.054347382992
434,0,0,lifetime,7699.0,4.378396069792787,1.8058382298807203,0.001898077007,3.031941026051,4.049781422041,6.025934769217,7.04854683962
435,0,0,lifetime,8786.0,4.332474702847835,1.7987403704871676,0.001658077007,3.02526950914375,4.0440802799875,6.02544363003025,7.053826893547
436,0,0,lifetime,7322.0,4.458436399995893,1.7380743272000456,0.001658075911,3.03621373788175,4.0605331973295,6.0200584370120005,7.054946618038
437,0,0,lifetime,8502.0,4.524362171753279,1.7936420975945948,0.001658076495,3.045922900016,5.001658193023999,6.04723310257675,7.060918449166
438,0,0,lifetime,7764.0,4.328606821369162,1.8061463493391148,0.001658076632,3.024368557863,4.054213575578,6.03122087763675,7.052548560608
439,0,0,lifetime,8021.0,4.451944720891011,1.848448771381342,0.001658076724,3.03030106404,5.001478137619,6.0419344422,7.05227746518
440,0,0,lifetime,6666.0,4.39927916853653,1.7933365220663124,0.001658074975,3.028485032365,4.051821006381,6.02878146008725,7.049604862696
441,0,0,lifetime,7910.0,4.519713262426853,1.7827117895501752,0.001658074565,3.036614806134,5.0169333832045,6.0377362994275,7.056403246607
442,0,0,lifetime,7755.0,4.623535694407486,1.808478825047644,0.001658073425,3.037181273782,5.018404198909,6.043901508324,7.051085970443999
443,0,0,lifetime,8090.0,4.523113054341583,1.8166213860534823,0.001658077586,3.04035118550475,4.0583661786465,6.04173820077875,7.059895590351
444,0,0,lifetime,8067.0,4.539618098028015,1.7884666925487556,0.001658076626,3.033680263483,5.001658153964,6.0362081687075,7.052548540821
445,0,0,lifetime,8291.0,4.414974153484903,1.8183192073293768,0.001658077777,3.032671106173,4.051953271896,6.037819198722,7.053902630802
446,0,0,lifetime,8727.0,4.509077383567639,1.6961312363352363,0.001658077521,3.0424449473335,5.009559305196,6.0302738532715,7.052686911115
447,0,0,lifetime,7362.0,4.517843076330599,1.8522799092657245,0.001658074736,3.04066542045575,4.053124673113,6.04301290021475,7.051481825804
448,0,0,lifetime,7739.0,4.408371016819639,1.7720355654307218,0.001658078252,3.0354674494025,4.053347959711,6.0370617297095,7.057995371851
449,0,0,lifetime,7539.0,4.589436449200703,1.778445891622175,0.001658075218,3.0457331715825,5.011572278099,6.0392979181985,7.052608900951
450,0,0,lifetime,9465.0,4.492424951109061,1.781506677847324,0.001738079054,3.038561343372,5.00173814209,6.036278864356,7.058409267182999
451,0,0,lifetime,7580.0,4.441805413696395,1.841720999781359,0.001738075055,3.0308867016465,4.047833220861,6.030077008261,7.05368633166
452,0,0,lifetime,8500.0,4.5135404776494,1.7917874424392772,0.001738077121,3.0313227437505,5.0049247308635,6.039180333247501,7.054726296658
453,0,0,lifetime,8256.0,4.421163760998192,1.773376943376708,0.00173807242,3.0388506007697496,4.0489739175955,6.02986575756175,7.053594126157
454,0,0,lifetime,7817.0,4.504684983987833,1.8282738031046732,0.00173807403,3.031489703635,4.055289321458,6.04225568629,7.055096466281
455,0,0,lifetime,8418.0,4.557633775612165,1.811362582018375,0.0017380740979999,3.0331647120215,5.0111450406380005,6.04038057720775,7.054876628669
456,0,0,lifetime,7595.0,4.468690703582634,1.9128813304670755,0.001738073574,3.024646732905,5.010757897349,6.044938260217,7.051415693262999
457,0,0,lifetime,7688.0,4.529977855700418,1.8058780823436007,0.001738075211,3.03834768653625,5.011141117217,6.03539374028025,7.050547801817
458,0,0,lifetime,8724.0,4.444820912536585,1.833991933139616,0.001738075879,3.03114700720975,5.005136693099,6.03074257046625,7.052675837876
459,0,0,lifetime,7628.0,4.511878915748731,1.837323770062916,0.001738074682,3.032614377745,4.0535807963420005,6.040582230838,7.053280032737
460,0,0,lifetime,7634.0,4.364248716655616,1.8531362249225984,0.001738074609,3.027896483026,4.044413225407,6.036127354033249,7.050808445782
461,0,0,lifetime,8523.0,4.436390173392377,1.80285418539522,0.001738073463,3.033589150955,4.059629186293,6.0366806824965,7.056767661049999
462,0,0,lifetime,8639.0,4.421027965560441,1.849569811845772,0.00173807316,3.031509227109,4.048779431333,6.0337594105035,7.05435390751
463,0,0,lifetime,8071.0,4.491568162066362,1.7956488536109847,0.0017380758879999,3.0388237047815,5.00173814945,6.03880251859,7.058610424317
464,0,0,lifetime,7196.0,4.409103443158172,1.81795179734908,0.001738072699,3.025868620103,4.049661540332,6.03200717888175,7.051366366412
465,0,0,lifetime,8508.0,4.360811875422544,1.8317564924782876,0.001738075311,3.02981814357425,4.057808044611,6.03195952332075,7.053888252348
466,0,0,lifetime,9285.0,4.476406047561566,1.7844335002404994,0.0017380740439999,3.03944038273,5.006904842594,6.041382870587,7.0640078545
467,0,0,lifetime,9131.0,4.607460104993346,1.811954023315803,0.001738073568,3.044840843966,5.022583138182,6.0548071151635,7.063157337579
468,0,0,lifetime,9446.0,4.510641111247148,1.7845589989271775,0.001738074923,3.0496455936235,4.0595769228245,6.045960690966,7.061255437407
469,0,0,lifetime,8606.0,4.52677581363673,1.8201495776258092,0.001738073427,3.04090836240775,4.057112547766501,6.0456249644465,7.057155131597
470,0,0,lifetime,8717.0,4.471774170051862,1.791847029839818,0.0017380743149999,3.032673315947,5.001578128677,6.036007925143,7.055962334045
471,0,0,lifetime,8717.0,4.471774170051862,1.791847029839818,0.0017380743149999,3.032673315947,5.001578128677,6.036007925143,7.055962334045
472,0,0,lifetime,8565.0,4.330273452315225,1.776377123999759,0.0017380742579999,3.024042108669,4.054606460867,6.019965066744,7.050638750565
473,0,0,lifetime,9628.0,5.050761593463738,2.1824645896894634,0.001738074455,3.0432079344742498,5.0600215122955,7.03589849411875,8.064994108023999
474,0,0,lifetime,9498.0,5.041968960753692,2.106950082809939,0.001738077041,3.04920569221575,5.0395989881395,7.02999341826525,8.053832620144
475,0,0,lifetime,7688.0,4.307625124089318,1.8602321812245943,0.001738079084,3.011839262919,4.0450241769915,6.028269007537,7.049803467892
476,0,0,lifetime,11590.0,5.420282935875102,2.363976827710513,0.001738079513,3.061852230341,5.061714394827,7.063213117826,9.062371290363
477,0,0,lifetime,8567.0,4.498975541559407,1.8253024513514329,0.001738076029,3.0338738711685,5.0147005998,6.0391102660625,7.061273126919
478,0,0,lifetime,8251.0,4.469016317917323,1.7223635653452314,0.00173807653,3.038780948127,4.052887042983,6.030407607661,7.055607339204
479,0,0,lifetime,9499.0,4.465985497950399,1.8227377289189648,0.001738076832,3.028207431379,5.006474687347,6.034946034706,7.056487953852
480,0,0,lifetime,7645.0,4.340615889025676,1.7900152020660325,0.001738074974,3.022757624196,4.047804351751,6.026797343668,7.053258645917
481,0,0,lifetime,11373.0,5.708515793452809,2.3446146168767705,0.0017780765679999,4.010565614671,6.026210359119,8.025968936713,9.059743476997
482,0,0,lifetime,8182.0,4.175313998773415,1.8783536565897891,0.001778076807,3.00606456801675,4.040702742115,6.0136121810565,7.055936793277
483,0,0,lifetime,8653.0,4.366714547255742,1.851230830542044,0.001778072787,3.022832233069,4.053228795362,6.030453522606,7.055620544781
484,0,0,lifetime,10613.0,5.550652594870464,2.3569027242502623,0.001778077503,4.011371120729,6.01338610333,8.001778083478,9.055469804019
485,0,0,lifetime,11235.0,5.569516539733051,2.288933727723176,0.001778076412,4.0254573430565,6.001578079503,8.001598134563,9.053141099872
486,0,0,lifetime,8702.0,4.510475509402907,1.768396734034154,0.001778073719,3.04297187793425,5.003036404615,6.036703570559,7.054239460724
487,0,0,lifetime,11106.0,5.028344422743219,2.1497820385148514,0.0017780754219999,3.0481229416105,5.045332796843,7.0305449753305,8.059481137711
488,0,0,lifetime,11657.0,5.50606721819391,2.4173261113554694,0.001778075118,3.055527688769,5.055230173659,8.016804423634,9.056157131893
489,0,0,lifetime,9214.0,4.495556703044445,1.8343691178296109,0.001778074218,3.042929516299,4.0706209262095,6.0460385585205,7.066286876314
490,0,0,lifetime,9660.0,4.43352633309792,1.7222531650342174,0.001778075439,3.040431005185,4.064260848484,6.0239131925385,7.061565847576
491,0,0,lifetime,8729.0,4.483006819731134,1.816185883424325,0.0017780733099999,3.036045349125,5.001878110355,6.037799667616,7.056313817564
492,0,0,lifetime,9289.0,4.6123655175039096,1.7651547073976648,0.001778075087,3.047358032485,5.013974237599,6.04113715825,7.058660484135
493,0,0,lifetime,9444.0,4.571378060684529,1.8021162472631267,0.0017780772119999,3.0439989028215,5.0090274781185,6.04206466539,7.060566290498
494,0,0,lifetime,8718.0,4.533911731391437,1.842411913829877,0.001778076934,3.0354936473955,5.0111817456255,6.04678947083425,7.057278461755
495,0,0,lifetime,9327.0,4.499619590886689,1.8261807333174904,0.001778078619,3.03167432351,5.005465088174,6.036446272949,7.055938874535999
496,0,0,lifetime,9385.0,4.456269283586491,1.8345374098021097,0.001858074241,3.034984600823,4.05785903768,6.03624894154,7.056934236136
497,0,0,lifetime,9311.0,4.559128422864674,1.8567478736286105,0.00185807487,3.0363545334115,5.01951630718,6.041165124886501,7.061272697483
498,0,0,lifetime,9215.0,4.468801909471275,1.7571570831818624,0.00185807704,3.0428037284865,5.001558077115,6.0308128234175005,7.054212496382
499,0,0,lifetime,9928.0,4.483156597412922,1.748416086406947,0.001858076738,3.04510890552375,4.0591011513455,6.0355667931015,7.057037471762
