id,run_id,"('Parameter', 'omnet', '*.traci.launcher.seed')","('Parameter', 'omnet', '*.traci.launcher.useVadereSeed')","('Parameter', 'vadere', 'sources.[id==1].spawner.distribution.updateFrequency')","('Parameter', 'vadere', 'sources.[id==2].spawner.distribution.updateFrequency')","('Parameter', 'vadere', 'sources.[id==5].spawner.distribution.updateFrequency')","('Parameter', 'vadere', 'sources.[id==6].spawner.distribution.updateFrequency')","('MetaInfo', 'required_wallclock_time')","('MetaInfo', 'return_code')"
0,0,74895,false,20.0,20.0,20.0,20.0,85.87452721595764,0
1,0,74895,false,19.7428,19.7428,19.7428,19.7428,66.3701319694519,0
2,0,74895,false,19.4922,19.4922,19.4922,19.4922,65.58754324913025,0
3,0,74895,false,19.2478,19.2478,19.2478,19.2478,52.58552432060242,0
4,0,74895,false,19.0095,19.0095,19.0095,19.0095,69.28333592414856,0
5,0,74895,false,18.777,18.777,18.777,18.777,63.127700328826904,0
6,0,74895,false,18.5502,18.5502,18.5502,18.5502,64.81909036636353,0
7,0,74895,false,18.3287,18.3287,18.3287,18.3287,92.47486734390259,0
8,0,74895,false,18.1125,18.1125,18.1125,18.1125,88.07688212394714,0
9,0,74895,false,17.9013,17.9013,17.9013,17.9013,70.86660408973694,0
10,0,74895,false,17.695,17.695,17.695,17.695,66.2115797996521,0
11,0,74895,false,17.4934,17.4934,17.4934,17.4934,91.8227288722992,0
12,0,74895,false,17.2964,17.2964,17.2964,17.2964,65.99006819725037,0
13,0,74895,false,17.1037,17.1037,17.1037,17.1037,91.39596724510193,0
14,0,74895,false,16.9153,16.9153,16.9153,16.9153,67.89569735527039,0
15,0,74895,false,16.7309,16.7309,16.7309,16.7309,77.14700078964233,0
16,0,74895,false,16.5506,16.5506,16.5506,16.5506,84.97754335403442,0
17,0,74895,false,16.3741,16.3741,16.3741,16.3741,96.31647801399231,0
18,0,74895,false,16.2013,16.2013,16.2013,16.2013,73.08015966415405,0
19,0,74895,false,16.0321,16.0321,16.0321,16.0321,62.627803325653076,0
20,0,74895,false,15.8665,15.8665,15.8665,15.8665,73.29200029373169,0
21,0,74895,false,15.7042,15.7042,15.7042,15.7042,73.75179433822632,0
22,0,74895,false,15.5452,15.5452,15.5452,15.5452,66.35542607307434,0
23,0,74895,false,15.3894,15.3894,15.3894,15.3894,55.828213691711426,0
24,0,74895,false,15.2366,15.2366,15.2366,15.2366,57.21206712722778,0
25,0,74895,false,15.0869,15.0869,15.0869,15.0869,68.81888389587402,0
26,0,74895,false,14.9401,14.9401,14.9401,14.9401,72.9514799118042,0
27,0,74895,false,14.7961,14.7961,14.7961,14.7961,106.33422327041626,0
28,0,74895,false,14.6549,14.6549,14.6549,14.6549,72.45764660835266,0
29,0,74895,false,14.5164,14.5164,14.5164,14.5164,67.26407384872437,0
30,0,74895,false,14.3804,14.3804,14.3804,14.3804,100.40169835090637,0
31,0,74895,false,14.247,14.247,14.247,14.247,74.145015001297,0
32,0,74895,false,14.116,14.116,14.116,14.116,64.07036232948303,0
33,0,74895,false,13.9874,13.9874,13.9874,13.9874,77.84893488883972,0
34,0,74895,false,13.8611,13.8611,13.8611,13.8611,70.86796951293945,0
35,0,74895,false,13.7371,13.7371,13.7371,13.7371,65.93112063407898,0
36,0,74895,false,13.6153,13.6153,13.6153,13.6153,64.54219222068787,0
37,0,74895,false,13.4956,13.4956,13.4956,13.4956,58.021111726760864,0
38,0,74895,false,13.378,13.378,13.378,13.378,59.92636275291443,0
39,0,74895,false,13.2625,13.2625,13.2625,13.2625,91.60047340393066,0
40,0,74895,false,13.1489,13.1489,13.1489,13.1489,64.01580286026001,0
41,0,74895,false,13.0372,13.0372,13.0372,13.0372,74.70296502113342,0
42,0,74895,false,12.9275,12.9275,12.9275,12.9275,103.12510800361633,0
43,0,74895,false,12.8195,12.8195,12.8195,12.8195,69.1263861656189,0
44,0,74895,false,12.7134,12.7134,12.7134,12.7134,79.81632423400879,0
45,0,74895,false,12.609,12.609,12.609,12.609,62.53014063835144,0
46,0,74895,false,12.5063,12.5063,12.5063,12.5063,71.39708042144775,0
47,0,74895,false,12.4052,12.4052,12.4052,12.4052,73.48635673522949,0
48,0,74895,false,12.3058,12.3058,12.3058,12.3058,62.9968683719635,0
49,0,74895,false,12.208,12.208,12.208,12.208,56.13762187957764,0
50,0,74895,false,12.1117,12.1117,12.1117,12.1117,57.25209593772888,0
51,0,74895,false,12.0169,12.0169,12.0169,12.0169,74.6151807308197,0
52,0,74895,false,11.9235,11.9235,11.9235,11.9235,91.62596011161804,0
53,0,74895,false,11.8317,11.8317,11.8317,11.8317,74.18892550468445,0
54,0,74895,false,11.7412,11.7412,11.7412,11.7412,79.50328588485718,0
55,0,74895,false,11.6521,11.6521,11.6521,11.6521,79.76319909095764,0
56,0,74895,false,11.5643,11.5643,11.5643,11.5643,67.3267707824707,0
57,0,74895,false,11.4779,11.4779,11.4779,11.4779,85.33047890663147,0
58,0,74895,false,11.3927,11.3927,11.3927,11.3927,74.22722101211548,0
59,0,74895,false,11.3088,11.3088,11.3088,11.3088,82.27906680107117,0
60,0,74895,false,11.2261,11.2261,11.2261,11.2261,78.50990438461304,0
61,0,74895,false,11.1446,11.1446,11.1446,11.1446,68.49878525733948,0
62,0,74895,false,11.0643,11.0643,11.0643,11.0643,92.1871886253357,0
63,0,74895,false,10.9851,10.9851,10.9851,10.9851,70.5177412033081,0
64,0,74895,false,10.9071,10.9071,10.9071,10.9071,60.70483374595642,0
65,0,74895,false,10.8302,10.8302,10.8302,10.8302,81.337726354599,0
66,0,74895,false,10.7543,10.7543,10.7543,10.7543,97.45429158210754,0
67,0,74895,false,10.6795,10.6795,10.6795,10.6795,78.23697113990784,0
68,0,74895,false,10.6057,10.6057,10.6057,10.6057,82.88158988952637,0
69,0,74895,false,10.533,10.533,10.533,10.533,69.3851969242096,0
70,0,74895,false,10.4612,10.4612,10.4612,10.4612,87.51210927963257,0
71,0,74895,false,10.3904,10.3904,10.3904,10.3904,77.18598532676697,0
72,0,74895,false,10.3206,10.3206,10.3206,10.3206,69.91516375541687,0
73,0,74895,false,10.2517,10.2517,10.2517,10.2517,63.80238080024719,0
74,0,74895,false,10.1837,10.1837,10.1837,10.1837,69.46769857406616,0
75,0,74895,false,10.1166,10.1166,10.1166,10.1166,62.01718091964722,0
76,0,74895,false,10.0504,10.0504,10.0504,10.0504,63.41064167022705,0
77,0,74895,false,9.985,9.985,9.985,9.985,58.0844202041626,0
78,0,74895,false,9.9205,9.9205,9.9205,9.9205,93.37617182731628,0
79,0,74895,false,9.8568,9.8568,9.8568,9.8568,75.74915289878845,0
80,0,74895,false,9.7939,9.7939,9.7939,9.7939,85.14086079597473,0
81,0,74895,false,9.7318,9.7318,9.7318,9.7318,76.90182709693909,0
82,0,74895,false,9.6705,9.6705,9.6705,9.6705,74.72111010551453,0
83,0,74895,false,9.61,9.61,9.61,9.61,83.95708107948303,0
84,0,74895,false,9.5502,9.5502,9.5502,9.5502,82.98354148864746,0
85,0,74895,false,9.4912,9.4912,9.4912,9.4912,68.71705174446106,0
86,0,74895,false,9.4329,9.4329,9.4329,9.4329,71.26969718933105,0
87,0,74895,false,9.3753,9.3753,9.3753,9.3753,68.45260000228882,0
88,0,74895,false,9.3184,9.3184,9.3184,9.3184,97.8537962436676,0
89,0,74895,false,9.2622,9.2622,9.2622,9.2622,67.00785255432129,0
90,0,74895,false,9.2066,9.2066,9.2066,9.2066,74.30769872665405,0
91,0,74895,false,9.1518,9.1518,9.1518,9.1518,95.39521527290344,0
92,0,74895,false,9.0975,9.0975,9.0975,9.0975,83.37482190132141,0
93,0,74895,false,9.044,9.044,9.044,9.044,78.67328834533691,0
94,0,74895,false,8.991,8.991,8.991,8.991,79.31540822982788,0
95,0,74895,false,8.9386,8.9386,8.9386,8.9386,71.94198155403137,0
96,0,74895,false,8.8869,8.8869,8.8869,8.8869,86.77584409713745,0
97,0,74895,false,8.8358,8.8358,8.8358,8.8358,78.51096391677856,0
98,0,74895,false,8.7852,8.7852,8.7852,8.7852,72.36650943756104,0
99,0,74895,false,8.7352,8.7352,8.7352,8.7352,73.1071720123291,0
100,0,74895,false,8.6858,8.6858,8.6858,8.6858,77.43080520629883,0
101,0,74895,false,8.637,8.637,8.637,8.637,59.83919930458069,0
102,0,74895,false,8.5886,8.5886,8.5886,8.5886,74.58202862739563,0
103,0,74895,false,8.5409,8.5409,8.5409,8.5409,103.90521264076233,0
104,0,74895,false,8.4936,8.4936,8.4936,8.4936,97.84980392456055,0
105,0,74895,false,8.4469,8.4469,8.4469,8.4469,79.70269703865051,0
106,0,74895,false,8.4007,8.4007,8.4007,8.4007,77.62240505218506,0
107,0,74895,false,8.355,8.355,8.355,8.355,86.26910448074341,0
108,0,74895,false,8.3097,8.3097,8.3097,8.3097,71.73583197593689,0
109,0,74895,false,8.265,8.265,8.265,8.265,80.4028308391571,0
110,0,74895,false,8.2208,8.2208,8.2208,8.2208,75.01789093017578,0
111,0,74895,false,8.177,8.177,8.177,8.177,82.90459680557251,0
112,0,74895,false,8.1337,8.1337,8.1337,8.1337,70.99989128112793,0
113,0,74895,false,8.0908,8.0908,8.0908,8.0908,73.65417718887329,0
114,0,74895,false,8.0484,8.0484,8.0484,8.0484,62.16101050376892,0
115,0,74895,false,8.0064,8.0064,8.0064,8.0064,76.89655828475952,0
116,0,74895,false,7.9649,7.9649,7.9649,7.9649,106.60669827461243,0
117,0,74895,false,7.9238,7.9238,7.9238,7.9238,84.89634799957275,0
118,0,74895,false,7.8831,7.8831,7.8831,7.8831,89.50485682487488,0
119,0,74895,false,7.8428,7.8428,7.8428,7.8428,74.49775958061218,0
120,0,74895,false,7.803,7.803,7.803,7.803,84.07754611968994,0
121,0,74895,false,7.7635,7.7635,7.7635,7.7635,69.83883237838745,0
122,0,74895,false,7.7245,7.7245,7.7245,7.7245,82.31950831413269,0
123,0,74895,false,7.6858,7.6858,7.6858,7.6858,85.69699120521545,0
124,0,74895,false,7.6475,7.6475,7.6475,7.6475,80.05021667480469,0
125,0,74895,false,7.6096,7.6096,7.6096,7.6096,71.92873501777649,0
126,0,74895,false,7.5721,7.5721,7.5721,7.5721,70.87192845344543,0
127,0,74895,false,7.5349,7.5349,7.5349,7.5349,65.52741289138794,0
128,0,74895,false,7.4981,7.4981,7.4981,7.4981,78.72792840003967,0
129,0,74895,false,7.4617,7.4617,7.4617,7.4617,103.15356397628784,0
130,0,74895,false,7.4256,7.4256,7.4256,7.4256,101.01811170578003,0
131,0,74895,false,7.3899,7.3899,7.3899,7.3899,72.32085275650024,0
132,0,74895,false,7.3545,7.3545,7.3545,7.3545,102.54638886451721,0
133,0,74895,false,7.3194,7.3194,7.3194,7.3194,63.34523391723633,0
134,0,74895,false,7.2847,7.2847,7.2847,7.2847,62.1038281917572,0
135,0,74895,false,7.2503,7.2503,7.2503,7.2503,68.041419506073,0
136,0,74895,false,7.2162,7.2162,7.2162,7.2162,63.87587118148804,0
137,0,74895,false,7.1824,7.1824,7.1824,7.1824,90.64436888694763,0
138,0,74895,false,7.149,7.149,7.149,7.149,87.47240114212036,0
139,0,74895,false,7.1159,7.1159,7.1159,7.1159,94.35523176193237,0
140,0,74895,false,7.083,7.083,7.083,7.083,69.769122838974,0
141,0,74895,false,7.0505,7.0505,7.0505,7.0505,76.84521651268005,0
142,0,74895,false,7.0183,7.0183,7.0183,7.0183,100.36330342292786,0
143,0,74895,false,6.9863,6.9863,6.9863,6.9863,79.4256763458252,0
144,0,74895,false,6.9547,6.9547,6.9547,6.9547,103.41023826599121,0
145,0,74895,false,6.9233,6.9233,6.9233,6.9233,59.8855836391449,0
146,0,74895,false,6.8923,6.8923,6.8923,6.8923,89.2587194442749,0
147,0,74895,false,6.8615,6.8615,6.8615,6.8615,87.35038614273071,0
148,0,74895,false,6.8309,6.8309,6.8309,6.8309,89.81827735900879,0
149,0,74895,false,6.8007,6.8007,6.8007,6.8007,86.95719003677368,0
150,0,74895,false,6.7707,6.7707,6.7707,6.7707,87.52125144004822,0
151,0,74895,false,6.741,6.741,6.741,6.741,96.28770899772644,0
152,0,74895,false,6.7115,6.7115,6.7115,6.7115,95.68670392036438,0
153,0,74895,false,6.6823,6.6823,6.6823,6.6823,75.65336990356445,0
154,0,74895,false,6.6533,6.6533,6.6533,6.6533,98.81446075439453,0
155,0,74895,false,6.6246,6.6246,6.6246,6.6246,101.09737277030945,0
156,0,74895,false,6.5962,6.5962,6.5962,6.5962,76.64932751655579,0
157,0,74895,false,6.5679,6.5679,6.5679,6.5679,80.75469160079956,0
158,0,74895,false,6.54,6.54,6.54,6.54,101.0823130607605,0
159,0,74895,false,6.5122,6.5122,6.5122,6.5122,98.46858310699463,0
160,0,74895,false,6.4847,6.4847,6.4847,6.4847,88.93164110183716,0
161,0,74895,false,6.4575,6.4575,6.4575,6.4575,91.35441398620605,0
162,0,74895,false,6.4304,6.4304,6.4304,6.4304,94.14074921607971,0
163,0,74895,false,6.4036,6.4036,6.4036,6.4036,61.71771693229675,0
164,0,74895,false,6.377,6.377,6.377,6.377,59.00077676773071,0
165,0,74895,false,6.3506,6.3506,6.3506,6.3506,65.25763630867004,0
166,0,74895,false,6.3245,6.3245,6.3245,6.3245,64.05399370193481,0
167,0,74895,false,6.2985,6.2985,6.2985,6.2985,70.81813144683838,0
168,0,74895,false,6.2728,6.2728,6.2728,6.2728,102.22562003135681,0
169,0,74895,false,6.2473,6.2473,6.2473,6.2473,70.94261312484741,0
170,0,74895,false,6.2219,6.2219,6.2219,6.2219,82.9963972568512,0
171,0,74895,false,6.1968,6.1968,6.1968,6.1968,101.0314109325409,0
172,0,74895,false,6.1719,6.1719,6.1719,6.1719,95.72002696990967,0
173,0,74895,false,6.1472,6.1472,6.1472,6.1472,91.6804039478302,0
174,0,74895,false,6.1227,6.1227,6.1227,6.1227,91.04287433624268,0
175,0,74895,false,6.0984,6.0984,6.0984,6.0984,58.64611554145813,0
176,0,74895,false,6.0743,6.0743,6.0743,6.0743,97.8936562538147,0
177,0,74895,false,6.0503,6.0503,6.0503,6.0503,76.91477608680725,0
178,0,74895,false,6.0266,6.0266,6.0266,6.0266,105.08917188644409,0
179,0,74895,false,6.003,6.003,6.003,6.003,72.12039494514465,0
180,0,74895,false,5.9796,5.9796,5.9796,5.9796,101.98151302337646,0
181,0,74895,false,5.9564,5.9564,5.9564,5.9564,95.97704744338989,0
182,0,74895,false,5.9334,5.9334,5.9334,5.9334,68.67438840866089,0
183,0,74895,false,5.9106,5.9106,5.9106,5.9106,87.72610759735107,0
184,0,74895,false,5.8879,5.8879,5.8879,5.8879,100.31670475006104,0
185,0,74895,false,5.8654,5.8654,5.8654,5.8654,62.65574860572815,0
186,0,74895,false,5.8431,5.8431,5.8431,5.8431,64.70455574989319,0
187,0,74895,false,5.8209,5.8209,5.8209,5.8209,66.05267572402954,0
188,0,74895,false,5.799,5.799,5.799,5.799,69.20595693588257,0
189,0,74895,false,5.7771,5.7771,5.7771,5.7771,98.11713910102844,0
190,0,74895,false,5.7555,5.7555,5.7555,5.7555,97.35805296897888,0
191,0,74895,false,5.734,5.734,5.734,5.734,64.89361548423767,0
192,0,74895,false,5.7127,5.7127,5.7127,5.7127,61.19156241416931,0
193,0,74895,false,5.6915,5.6915,5.6915,5.6915,105.42216110229492,0
194,0,74895,false,5.6705,5.6705,5.6705,5.6705,74.79897618293762,0
195,0,74895,false,5.6496,5.6496,5.6496,5.6496,92.48327445983887,0
196,0,74895,false,5.6289,5.6289,5.6289,5.6289,102.78443789482117,0
197,0,74895,false,5.6083,5.6083,5.6083,5.6083,96.66245651245117,0
198,0,74895,false,5.5879,5.5879,5.5879,5.5879,104.48417806625366,0
199,0,74895,false,5.5676,5.5676,5.5676,5.5676,73.14129638671875,0
200,0,74895,false,5.5475,5.5475,5.5475,5.5475,91.04776239395142,0
201,0,74895,false,5.5276,5.5276,5.5276,5.5276,98.81932401657104,0
202,0,74895,false,5.5077,5.5077,5.5077,5.5077,101.86471033096313,0
203,0,74895,false,5.488,5.488,5.488,5.488,69.16061544418335,0
204,0,74895,false,5.4685,5.4685,5.4685,5.4685,74.73012113571167,0
205,0,74895,false,5.4491,5.4491,5.4491,5.4491,71.92604494094849,0
206,0,74895,false,5.4298,5.4298,5.4298,5.4298,102.56067562103271,0
207,0,74895,false,5.4107,5.4107,5.4107,5.4107,108.42347478866577,0
208,0,74895,false,5.3917,5.3917,5.3917,5.3917,108.28821063041687,0
209,0,74895,false,5.3728,5.3728,5.3728,5.3728,58.531834840774536,0
210,0,74895,false,5.3541,5.3541,5.3541,5.3541,67.13044118881226,0
211,0,74895,false,5.3355,5.3355,5.3355,5.3355,67.43539500236511,0
212,0,74895,false,5.317,5.317,5.317,5.317,61.41192555427551,0
213,0,74895,false,5.2986,5.2986,5.2986,5.2986,97.93713283538818,0
214,0,74895,false,5.2804,5.2804,5.2804,5.2804,99.48601698875427,0
215,0,74895,false,5.2623,5.2623,5.2623,5.2623,61.19888114929199,0
216,0,74895,false,5.2444,5.2444,5.2444,5.2444,76.41731238365173,0
217,0,74895,false,5.2265,5.2265,5.2265,5.2265,101.25812530517578,0
218,0,74895,false,5.2088,5.2088,5.2088,5.2088,88.78636336326599,0
219,0,74895,false,5.1912,5.1912,5.1912,5.1912,75.33782505989075,0
220,0,74895,false,5.1737,5.1737,5.1737,5.1737,109.95514702796936,0
221,0,74895,false,5.1563,5.1563,5.1563,5.1563,82.60649275779724,0
222,0,74895,false,5.139,5.139,5.139,5.139,107.5473210811615,0
223,0,74895,false,5.1219,5.1219,5.1219,5.1219,71.73536205291748,0
224,0,74895,false,5.1049,5.1049,5.1049,5.1049,105.26243948936462,0
225,0,74895,false,5.0879,5.0879,5.0879,5.0879,76.0023443698883,0
226,0,74895,false,5.0711,5.0711,5.0711,5.0711,100.0173864364624,0
227,0,74895,false,5.0544,5.0544,5.0544,5.0544,97.17118167877197,0
228,0,74895,false,5.0379,5.0379,5.0379,5.0379,67.54773306846619,0
229,0,74895,false,5.0214,5.0214,5.0214,5.0214,84.62967467308044,0
230,0,74895,false,5.005,5.005,5.005,5.005,81.45022392272949,0
231,0,74895,false,4.9888,4.9888,4.9888,4.9888,75.42531752586365,0
232,0,74895,false,4.9726,4.9726,4.9726,4.9726,109.82037949562073,0
233,0,74895,false,4.9565,4.9565,4.9565,4.9565,72.19859290122986,0
234,0,74895,false,4.9406,4.9406,4.9406,4.9406,83.10832691192627,0
235,0,74895,false,4.9247,4.9247,4.9247,4.9247,68.4055449962616,0
236,0,74895,false,4.909,4.909,4.909,4.909,70.32093381881714,0
237,0,74895,false,4.8934,4.8934,4.8934,4.8934,98.63435506820679,0
238,0,74895,false,4.8778,4.8778,4.8778,4.8778,95.99303960800171,0
239,0,74895,false,4.8624,4.8624,4.8624,4.8624,92.2988052368164,0
240,0,74895,false,4.847,4.847,4.847,4.847,95.86312985420227,0
241,0,74895,false,4.8318,4.8318,4.8318,4.8318,77.98873400688171,0
242,0,74895,false,4.8166,4.8166,4.8166,4.8166,105.4612808227539,0
243,0,74895,false,4.8015,4.8015,4.8015,4.8015,76.79125094413757,0
244,0,74895,false,4.7866,4.7866,4.7866,4.7866,101.46458721160889,0
245,0,74895,false,4.7717,4.7717,4.7717,4.7717,61.542076587677,0
246,0,74895,false,4.7569,4.7569,4.7569,4.7569,70.60728144645691,0
247,0,74895,false,4.7422,4.7422,4.7422,4.7422,80.64798617362976,0
248,0,74895,false,4.7276,4.7276,4.7276,4.7276,98.86536812782288,0
249,0,74895,false,4.7131,4.7131,4.7131,4.7131,70.53298020362854,0
250,0,74895,false,4.6987,4.6987,4.6987,4.6987,101.31904244422913,0
251,0,74895,false,4.6843,4.6843,4.6843,4.6843,100.06972408294678,0
252,0,74895,false,4.6701,4.6701,4.6701,4.6701,65.94293570518494,0
253,0,74895,false,4.6559,4.6559,4.6559,4.6559,68.42244744300842,0
254,0,74895,false,4.6419,4.6419,4.6419,4.6419,105.35689353942871,0
255,0,74895,false,4.6279,4.6279,4.6279,4.6279,74.69194889068604,0
256,0,74895,false,4.614,4.614,4.614,4.614,110.51151657104492,0
257,0,74895,false,4.6001,4.6001,4.6001,4.6001,71.83615970611572,0
258,0,74895,false,4.5864,4.5864,4.5864,4.5864,106.20030784606934,0
259,0,74895,false,4.5727,4.5727,4.5727,4.5727,77.06480145454407,0
260,0,74895,false,4.5592,4.5592,4.5592,4.5592,103.73066854476929,0
261,0,74895,false,4.5457,4.5457,4.5457,4.5457,109.4534330368042,0
262,0,74895,false,4.5322,4.5322,4.5322,4.5322,71.80635452270508,0
263,0,74895,false,4.5189,4.5189,4.5189,4.5189,98.67873859405518,0
264,0,74895,false,4.5056,4.5056,4.5056,4.5056,84.3317666053772,0
265,0,74895,false,4.4925,4.4925,4.4925,4.4925,101.37188386917114,0
266,0,74895,false,4.4794,4.4794,4.4794,4.4794,70.92441916465759,0
267,0,74895,false,4.4663,4.4663,4.4663,4.4663,76.55156517028809,0
268,0,74895,false,4.4534,4.4534,4.4534,4.4534,97.51939511299133,0
269,0,74895,false,4.4405,4.4405,4.4405,4.4405,78.0629210472107,0
270,0,74895,false,4.4277,4.4277,4.4277,4.4277,104.96913242340088,0
271,0,74895,false,4.415,4.415,4.415,4.415,77.19332337379456,0
272,0,74895,false,4.4023,4.4023,4.4023,4.4023,98.3244297504425,0
273,0,74895,false,4.3897,4.3897,4.3897,4.3897,110.75357627868652,0
274,0,74895,false,4.3772,4.3772,4.3772,4.3772,83.84486627578735,0
275,0,74895,false,4.3647,4.3647,4.3647,4.3647,73.80477166175842,0
276,0,74895,false,4.3524,4.3524,4.3524,4.3524,103.35401511192322,0
277,0,74895,false,4.3401,4.3401,4.3401,4.3401,87.48006081581116,0
278,0,74895,false,4.3278,4.3278,4.3278,4.3278,100.39757442474365,0
279,0,74895,false,4.3157,4.3157,4.3157,4.3157,69.07793116569519,0
280,0,74895,false,4.3036,4.3036,4.3036,4.3036,78.7277991771698,0
281,0,74895,false,4.2916,4.2916,4.2916,4.2916,70.54319500923157,0
282,0,74895,false,4.2796,4.2796,4.2796,4.2796,75.54053735733032,0
283,0,74895,false,4.2677,4.2677,4.2677,4.2677,104.16187787055969,0
284,0,74895,false,4.2559,4.2559,4.2559,4.2559,79.98491525650024,0
285,0,74895,false,4.2441,4.2441,4.2441,4.2441,96.46773672103882,0
286,0,74895,false,4.2324,4.2324,4.2324,4.2324,101.68095469474792,0
287,0,74895,false,4.2208,4.2208,4.2208,4.2208,80.45130920410156,0
288,0,74895,false,4.2092,4.2092,4.2092,4.2092,78.55669379234314,0
289,0,74895,false,4.1977,4.1977,4.1977,4.1977,104.68172407150269,0
290,0,74895,false,4.1862,4.1862,4.1862,4.1862,96.20208072662354,0
291,0,74895,false,4.1749,4.1749,4.1749,4.1749,117.14676403999329,0
292,0,74895,false,4.1635,4.1635,4.1635,4.1635,79.62016558647156,0
293,0,74895,false,4.1523,4.1523,4.1523,4.1523,104.10874724388123,0
294,0,74895,false,4.1411,4.1411,4.1411,4.1411,77.55870771408081,0
295,0,74895,false,4.1299,4.1299,4.1299,4.1299,107.45740294456482,0
296,0,74895,false,4.1189,4.1189,4.1189,4.1189,85.26176071166992,0
297,0,74895,false,4.1078,4.1078,4.1078,4.1078,72.37560105323792,0
298,0,74895,false,4.0969,4.0969,4.0969,4.0969,69.51349830627441,0
299,0,74895,false,4.086,4.086,4.086,4.086,85.33696913719177,0
300,0,74895,false,4.0751,4.0751,4.0751,4.0751,103.64749693870544,0
301,0,74895,false,4.0643,4.0643,4.0643,4.0643,79.39731764793396,0
302,0,74895,false,4.0536,4.0536,4.0536,4.0536,86.68801951408386,0
303,0,74895,false,4.0429,4.0429,4.0429,4.0429,102.39230942726135,0
304,0,74895,false,4.0323,4.0323,4.0323,4.0323,74.0820701122284,0
305,0,74895,false,4.0218,4.0218,4.0218,4.0218,75.73279023170471,0
306,0,74895,false,4.0113,4.0113,4.0113,4.0113,73.91349172592163,0
307,0,74895,false,4.0008,4.0008,4.0008,4.0008,81.83916759490967,0
308,0,74895,false,3.9904,3.9904,3.9904,3.9904,73.90799188613892,0
309,0,74895,false,3.9801,3.9801,3.9801,3.9801,76.68790650367737,0
310,0,74895,false,3.9698,3.9698,3.9698,3.9698,71.44557523727417,0
311,0,74895,false,3.9595,3.9595,3.9595,3.9595,70.18082642555237,0
312,0,74895,false,3.9493,3.9493,3.9493,3.9493,86.64255690574646,0
313,0,74895,false,3.9392,3.9392,3.9392,3.9392,85.66589093208313,0
314,0,74895,false,3.9291,3.9291,3.9291,3.9291,105.31376481056213,0
315,0,74895,false,3.9191,3.9191,3.9191,3.9191,92.89168643951416,0
316,0,74895,false,3.9091,3.9091,3.9091,3.9091,112.0382444858551,0
317,0,74895,false,3.8992,3.8992,3.8992,3.8992,111.0395188331604,0
318,0,74895,false,3.8893,3.8893,3.8893,3.8893,108.42894959449768,0
319,0,74895,false,3.8795,3.8795,3.8795,3.8795,77.114981174469,0
320,0,74895,false,3.8697,3.8697,3.8697,3.8697,109.55944061279297,0
321,0,74895,false,3.86,3.86,3.86,3.86,77.52735924720764,0
322,0,74895,false,3.8503,3.8503,3.8503,3.8503,114.67174863815308,0
323,0,74895,false,3.8407,3.8407,3.8407,3.8407,102.85733318328857,0
324,0,74895,false,3.8311,3.8311,3.8311,3.8311,117.03545355796814,0
325,0,74895,false,3.8216,3.8216,3.8216,3.8216,77.60548830032349,0
326,0,74895,false,3.8121,3.8121,3.8121,3.8121,112.0781261920929,0
327,0,74895,false,3.8026,3.8026,3.8026,3.8026,89.92001676559448,0
328,0,74895,false,3.7932,3.7932,3.7932,3.7932,98.41241264343262,0
329,0,74895,false,3.7839,3.7839,3.7839,3.7839,110.3383207321167,0
330,0,74895,false,3.7746,3.7746,3.7746,3.7746,83.1440076828003,0
331,0,74895,false,3.7653,3.7653,3.7653,3.7653,106.52793955802917,0
332,0,74895,false,3.7561,3.7561,3.7561,3.7561,86.56667876243591,0
333,0,74895,false,3.7469,3.7469,3.7469,3.7469,117.00772142410278,0
334,0,74895,false,3.7378,3.7378,3.7378,3.7378,81.48473072052002,0
335,0,74895,false,3.7288,3.7288,3.7288,3.7288,109.86332702636719,0
336,0,74895,false,3.7197,3.7197,3.7197,3.7197,107.8108503818512,0
337,0,74895,false,3.7107,3.7107,3.7107,3.7107,116.4695520401001,0
338,0,74895,false,3.7018,3.7018,3.7018,3.7018,71.7743558883667,0
339,0,74895,false,3.6929,3.6929,3.6929,3.6929,116.34779143333435,0
340,0,74895,false,3.684,3.684,3.684,3.684,79.90170574188232,0
341,0,74895,false,3.6752,3.6752,3.6752,3.6752,76.75794315338135,0
342,0,74895,false,3.6664,3.6664,3.6664,3.6664,107.40115118026733,0
343,0,74895,false,3.6577,3.6577,3.6577,3.6577,83.16828989982605,0
344,0,74895,false,3.649,3.649,3.649,3.649,95.14882254600525,0
345,0,74895,false,3.6403,3.6403,3.6403,3.6403,86.64663481712341,0
346,0,74895,false,3.6317,3.6317,3.6317,3.6317,89.45978116989136,0
347,0,74895,false,3.6232,3.6232,3.6232,3.6232,84.14895248413086,0
348,0,74895,false,3.6146,3.6146,3.6146,3.6146,112.48596167564392,0
349,0,74895,false,3.6061,3.6061,3.6061,3.6061,110.220059633255,0
350,0,74895,false,3.5977,3.5977,3.5977,3.5977,80.44502091407776,0
351,0,74895,false,3.5893,3.5893,3.5893,3.5893,115.07846403121948,0
352,0,74895,false,3.5809,3.5809,3.5809,3.5809,88.25754022598267,0
353,0,74895,false,3.5726,3.5726,3.5726,3.5726,97.36623024940491,0
354,0,74895,false,3.5643,3.5643,3.5643,3.5643,117.73947954177856,0
355,0,74895,false,3.556,3.556,3.556,3.556,86.86745190620422,0
356,0,74895,false,3.5478,3.5478,3.5478,3.5478,92.62319493293762,0
357,0,74895,false,3.5396,3.5396,3.5396,3.5396,93.18702864646912,0
358,0,74895,false,3.5315,3.5315,3.5315,3.5315,94.12482142448425,0
359,0,74895,false,3.5234,3.5234,3.5234,3.5234,97.25461411476135,0
360,0,74895,false,3.5153,3.5153,3.5153,3.5153,112.09318995475769,0
361,0,74895,false,3.5073,3.5073,3.5073,3.5073,129.3477599620819,0
362,0,74895,false,3.4993,3.4993,3.4993,3.4993,114.47044658660889,0
363,0,74895,false,3.4913,3.4913,3.4913,3.4913,116.29584193229675,0
364,0,74895,false,3.4834,3.4834,3.4834,3.4834,122.79757285118103,0
365,0,74895,false,3.4755,3.4755,3.4755,3.4755,86.08308219909668,0
366,0,74895,false,3.4677,3.4677,3.4677,3.4677,101.32489848136902,0
367,0,74895,false,3.4599,3.4599,3.4599,3.4599,111.89285206794739,0
368,0,74895,false,3.4521,3.4521,3.4521,3.4521,86.15300059318542,0
369,0,74895,false,3.4443,3.4443,3.4443,3.4443,116.91461491584778,0
370,0,74895,false,3.4366,3.4366,3.4366,3.4366,85.22462177276611,0
371,0,74895,false,3.429,3.429,3.429,3.429,87.95693635940552,0
372,0,74895,false,3.4213,3.4213,3.4213,3.4213,90.74240326881409,0
373,0,74895,false,3.4137,3.4137,3.4137,3.4137,89.03885388374329,0
374,0,74895,false,3.4061,3.4061,3.4061,3.4061,105.69382643699646,0
375,0,74895,false,3.3986,3.3986,3.3986,3.3986,93.05656313896179,0
376,0,74895,false,3.3911,3.3911,3.3911,3.3911,107.70564365386963,0
377,0,74895,false,3.3836,3.3836,3.3836,3.3836,90.38969397544861,0
378,0,74895,false,3.3762,3.3762,3.3762,3.3762,93.2772467136383,0
379,0,74895,false,3.3688,3.3688,3.3688,3.3688,100.86452841758728,0
380,0,74895,false,3.3614,3.3614,3.3614,3.3614,120.9643042087555,0
381,0,74895,false,3.3541,3.3541,3.3541,3.3541,102.74961280822754,0
382,0,74895,false,3.3467,3.3467,3.3467,3.3467,81.98103737831116,0
383,0,74895,false,3.3395,3.3395,3.3395,3.3395,108.51059293746948,0
384,0,74895,false,3.3322,3.3322,3.3322,3.3322,80.96162939071655,0
385,0,74895,false,3.325,3.325,3.325,3.325,84.46903443336487,0
386,0,74895,false,3.3178,3.3178,3.3178,3.3178,116.48777675628662,0
387,0,74895,false,3.3107,3.3107,3.3107,3.3107,121.81553411483765,0
388,0,74895,false,3.3035,3.3035,3.3035,3.3035,118.42959141731262,0
389,0,74895,false,3.2964,3.2964,3.2964,3.2964,117.90622043609619,0
390,0,74895,false,3.2894,3.2894,3.2894,3.2894,78.14791536331177,0
391,0,74895,false,3.2824,3.2824,3.2824,3.2824,118.049489736557,0
392,0,74895,false,3.2754,3.2754,3.2754,3.2754,108.45520949363708,0
393,0,74895,false,3.2684,3.2684,3.2684,3.2684,83.78868103027344,0
394,0,74895,false,3.2614,3.2614,3.2614,3.2614,113.83335828781128,0
395,0,74895,false,3.2545,3.2545,3.2545,3.2545,105.90768003463745,0
396,0,74895,false,3.2476,3.2476,3.2476,3.2476,78.00527739524841,0
397,0,74895,false,3.2408,3.2408,3.2408,3.2408,108.32928991317749,0
398,0,74895,false,3.234,3.234,3.234,3.234,78.75297856330872,0
399,0,74895,false,3.2272,3.2272,3.2272,3.2272,84.28519701957703,0
400,0,74895,false,3.2204,3.2204,3.2204,3.2204,110.75983715057373,0
401,0,74895,false,3.2137,3.2137,3.2137,3.2137,108.5498914718628,0
402,0,74895,false,3.2069,3.2069,3.2069,3.2069,75.88724613189697,0
403,0,74895,false,3.2003,3.2003,3.2003,3.2003,108.36683893203735,0
404,0,74895,false,3.1936,3.1936,3.1936,3.1936,93.97788667678833,0
405,0,74895,false,3.187,3.187,3.187,3.187,117.82635641098022,0
406,0,74895,false,3.1804,3.1804,3.1804,3.1804,79.56086421012878,0
407,0,74895,false,3.1738,3.1738,3.1738,3.1738,82.93051290512085,0
408,0,74895,false,3.1672,3.1672,3.1672,3.1672,110.03192067146301,0
409,0,74895,false,3.1607,3.1607,3.1607,3.1607,104.23853754997253,0
410,0,74895,false,3.1542,3.1542,3.1542,3.1542,117.03454113006592,0
411,0,74895,false,3.1478,3.1478,3.1478,3.1478,111.77834033966064,0
412,0,74895,false,3.1413,3.1413,3.1413,3.1413,112.21888709068298,0
413,0,74895,false,3.1349,3.1349,3.1349,3.1349,83.8478844165802,0
414,0,74895,false,3.1285,3.1285,3.1285,3.1285,87.89409184455872,0
415,0,74895,false,3.1222,3.1222,3.1222,3.1222,83.66446018218994,0
416,0,74895,false,3.1158,3.1158,3.1158,3.1158,87.29682302474976,0
417,0,74895,false,3.1095,3.1095,3.1095,3.1095,84.88669419288635,0
418,0,74895,false,3.1032,3.1032,3.1032,3.1032,112.21511936187744,0
419,0,74895,false,3.097,3.097,3.097,3.097,91.94943952560425,0
420,0,74895,false,3.0907,3.0907,3.0907,3.0907,108.98674011230469,0
421,0,74895,false,3.0845,3.0845,3.0845,3.0845,119.90569043159485,0
422,0,74895,false,3.0783,3.0783,3.0783,3.0783,116.06000304222107,0
423,0,74895,false,3.0722,3.0722,3.0722,3.0722,95.06820249557495,0
424,0,74895,false,3.0661,3.0661,3.0661,3.0661,87.65242075920105,0
425,0,74895,false,3.0599,3.0599,3.0599,3.0599,86.58875632286072,0
426,0,74895,false,3.0539,3.0539,3.0539,3.0539,116.09823322296143,0
427,0,74895,false,3.0478,3.0478,3.0478,3.0478,113.9207055568695,0
428,0,74895,false,3.0418,3.0418,3.0418,3.0418,107.03273224830627,0
429,0,74895,false,3.0357,3.0357,3.0357,3.0357,115.53985214233398,0
430,0,74895,false,3.0298,3.0298,3.0298,3.0298,119.53536772727966,0
431,0,74895,false,3.0238,3.0238,3.0238,3.0238,119.30089974403381,0
432,0,74895,false,3.0178,3.0178,3.0178,3.0178,110.62397956848145,0
433,0,74895,false,3.0119,3.0119,3.0119,3.0119,116.41297006607056,0
434,0,74895,false,3.006,3.006,3.006,3.006,116.98128414154053,0
435,0,74895,false,3.0002,3.0002,3.0002,3.0002,111.52085041999817,0
436,0,74895,false,2.9943,2.9943,2.9943,2.9943,109.43321061134338,0
437,0,74895,false,2.9885,2.9885,2.9885,2.9885,76.78248262405396,0
438,0,74895,false,2.9827,2.9827,2.9827,2.9827,114.59750151634216,0
439,0,74895,false,2.9769,2.9769,2.9769,2.9769,113.55707001686096,0
440,0,74895,false,2.9711,2.9711,2.9711,2.9711,110.79509925842285,0
441,0,74895,false,2.9654,2.9654,2.9654,2.9654,76.1619598865509,0
442,0,74895,false,2.9597,2.9597,2.9597,2.9597,88.9520251750946,0
443,0,74895,false,2.954,2.954,2.954,2.954,112.71621489524841,0
444,0,74895,false,2.9483,2.9483,2.9483,2.9483,118.57538962364197,0
445,0,74895,false,2.9427,2.9427,2.9427,2.9427,109.6191258430481,0
446,0,74895,false,2.937,2.937,2.937,2.937,130.44610214233398,0
447,0,74895,false,2.9314,2.9314,2.9314,2.9314,110.28085327148438,0
448,0,74895,false,2.9258,2.9258,2.9258,2.9258,124.06556677818298,0
449,0,74895,false,2.9203,2.9203,2.9203,2.9203,121.00043964385986,0
450,0,74895,false,2.9147,2.9147,2.9147,2.9147,117.50312352180481,0
451,0,74895,false,2.9092,2.9092,2.9092,2.9092,124.37766456604004,0
452,0,74895,false,2.9037,2.9037,2.9037,2.9037,83.44989013671875,0
453,0,74895,false,2.8982,2.8982,2.8982,2.8982,84.01182222366333,0
454,0,74895,false,2.8928,2.8928,2.8928,2.8928,106.14448618888855,0
455,0,74895,false,2.8873,2.8873,2.8873,2.8873,100.19783353805542,0
456,0,74895,false,2.8819,2.8819,2.8819,2.8819,92.51919484138489,0
457,0,74895,false,2.8765,2.8765,2.8765,2.8765,87.64120244979858,0
458,0,74895,false,2.8711,2.8711,2.8711,2.8711,90.22817015647888,0
459,0,74895,false,2.8658,2.8658,2.8658,2.8658,130.53724813461304,0
460,0,74895,false,2.8604,2.8604,2.8604,2.8604,120.24669289588928,0
461,0,74895,false,2.8551,2.8551,2.8551,2.8551,120.18166017532349,0
462,0,74895,false,2.8498,2.8498,2.8498,2.8498,117.76931118965149,0
463,0,74895,false,2.8445,2.8445,2.8445,2.8445,113.34557747840881,0
464,0,74895,false,2.8393,2.8393,2.8393,2.8393,124.60800528526306,0
465,0,74895,false,2.834,2.834,2.834,2.834,96.88218975067139,0
466,0,74895,false,2.8288,2.8288,2.8288,2.8288,108.90996932983398,0
467,0,74895,false,2.8236,2.8236,2.8236,2.8236,76.6042537689209,0
468,0,74895,false,2.8184,2.8184,2.8184,2.8184,97.63560914993286,0
469,0,74895,false,2.8132,2.8132,2.8132,2.8132,89.13287258148193,0
470,0,74895,false,2.8081,2.8081,2.8081,2.8081,87.5437605381012,0
471,0,74895,false,2.803,2.803,2.803,2.803,87.96854519844055,0
472,0,74895,false,2.7979,2.7979,2.7979,2.7979,98.96798753738403,0
473,0,74895,false,2.7928,2.7928,2.7928,2.7928,95.87903666496277,0
474,0,74895,false,2.7877,2.7877,2.7877,2.7877,122.23959803581238,0
475,0,74895,false,2.7827,2.7827,2.7827,2.7827,121.86193084716797,0
476,0,74895,false,2.7776,2.7776,2.7776,2.7776,94.65621566772461,0
477,0,74895,false,2.7726,2.7726,2.7726,2.7726,117.24329447746277,0
478,0,74895,false,2.7676,2.7676,2.7676,2.7676,109.68605971336365,0
479,0,74895,false,2.7626,2.7626,2.7626,2.7626,77.52183508872986,0
480,0,74895,false,2.7577,2.7577,2.7577,2.7577,107.16342234611511,0
481,0,74895,false,2.7527,2.7527,2.7527,2.7527,97.9368691444397,0
482,0,74895,false,2.7478,2.7478,2.7478,2.7478,97.8307478427887,0
483,0,74895,false,2.7429,2.7429,2.7429,2.7429,125.25836563110352,0
484,0,74895,false,2.738,2.738,2.738,2.738,133.00777649879456,0
485,0,74895,false,2.7331,2.7331,2.7331,2.7331,107.22256231307983,0
486,0,74895,false,2.7283,2.7283,2.7283,2.7283,124.16715288162231,0
487,0,74895,false,2.7234,2.7234,2.7234,2.7234,127.35664701461792,0
488,0,74895,false,2.7186,2.7186,2.7186,2.7186,106.5641918182373,0
489,0,74895,false,2.7138,2.7138,2.7138,2.7138,111.41404747962952,0
490,0,74895,false,2.709,2.709,2.709,2.709,85.95187401771545,0
491,0,74895,false,2.7042,2.7042,2.7042,2.7042,88.41250491142273,0
492,0,74895,false,2.6995,2.6995,2.6995,2.6995,107.45289754867554,0
493,0,74895,false,2.6947,2.6947,2.6947,2.6947,102.32696294784546,0
494,0,74895,false,2.69,2.69,2.69,2.69,132.32541584968567,0
495,0,74895,false,2.6853,2.6853,2.6853,2.6853,119.82882595062256,0
496,0,74895,false,2.6806,2.6806,2.6806,2.6806,123.85182595252991,0
497,0,74895,false,2.676,2.676,2.676,2.676,123.320476770401,0
498,0,74895,false,2.6713,2.6713,2.6713,2.6713,124.7303409576416,0
499,0,74895,false,2.6667,2.6667,2.6667,2.6667,128.71807217597961,0
