id,run_id,Unnamed: 0,PoissonParameter
0,0,0,0.181159420289855
1,0,0,0.217391304347826
2,0,0,0.217391304347826
3,0,0,0.217391304347826
4,0,0,0.217391304347826
5,0,0,0.217391304347826
6,0,0,0.217391304347826
7,0,0,0.217391304347826
8,0,0,0.217391304347826
9,0,0,0.217391304347826
10,0,0,0.2197802197802197
11,0,0,0.2197802197802197
12,0,0,0.2222222222222222
13,0,0,0.217391304347826
14,0,0,0.2197802197802197
15,0,0,0.217391304347826
16,0,0,0.217391304347826
17,0,0,0.2545454545454545
18,0,0,0.2545454545454545
19,0,0,0.2536231884057971
20,0,0,0.2536231884057971
21,0,0,0.2536231884057971
22,0,0,0.2536231884057971
23,0,0,0.2536231884057971
24,0,0,0.2536231884057971
25,0,0,0.2536231884057971
26,0,0,0.2536231884057971
27,0,0,0.2536231884057971
28,0,0,0.2564102564102564
29,0,0,0.2536231884057971
30,0,0,0.2536231884057971
31,0,0,0.2536231884057971
32,0,0,0.2898550724637681
33,0,0,0.2898550724637681
34,0,0,0.2898550724637681
35,0,0,0.2898550724637681
36,0,0,0.2898550724637681
37,0,0,0.2962962962962963
38,0,0,0.2962962962962963
39,0,0,0.293040293040293
40,0,0,0.2962962962962963
41,0,0,0.2962962962962963
42,0,0,0.2962962962962963
43,0,0,0.2898550724637681
44,0,0,0.2898550724637681
45,0,0,0.2898550724637681
46,0,0,0.2898550724637681
47,0,0,0.2898550724637681
48,0,0,0.3333333333333333
49,0,0,0.3333333333333333
50,0,0,0.3296703296703296
51,0,0,0.3296703296703296
52,0,0,0.3260869565217391
53,0,0,0.3260869565217391
54,0,0,0.3272727272727272
55,0,0,0.3272727272727272
56,0,0,0.3260869565217391
57,0,0,0.3260869565217391
58,0,0,0.3333333333333333
59,0,0,0.3260869565217391
60,0,0,0.3260869565217391
61,0,0,0.3260869565217391
62,0,0,0.3260869565217391
63,0,0,0.3623188405797101
64,0,0,0.3623188405797101
65,0,0,0.3623188405797101
66,0,0,0.3623188405797101
67,0,0,0.3623188405797101
68,0,0,0.3623188405797101
69,0,0,0.3623188405797101
70,0,0,0.3663003663003663
71,0,0,0.3623188405797101
72,0,0,0.3623188405797101
73,0,0,0.3636363636363636
74,0,0,0.3623188405797101
75,0,0,0.3623188405797101
76,0,0,0.3623188405797101
77,0,0,0.3623188405797101
78,0,0,0.3623188405797101
79,0,0,0.3985507246376811
80,0,0,0.4074074074074074
81,0,0,0.4074074074074074
82,0,0,0.4029304029304029
83,0,0,0.4029304029304029
84,0,0,0.4074074074074074
85,0,0,0.3985507246376811
86,0,0,0.3985507246376811
87,0,0,0.3985507246376811
88,0,0,0.3985507246376811
89,0,0,0.3985507246376811
90,0,0,0.3985507246376811
91,0,0,0.3985507246376811
92,0,0,0.3985507246376811
93,0,0,0.3985507246376811
94,0,0,0.4347826086956521
95,0,0,0.4347826086956521
96,0,0,0.4347826086956521
97,0,0,0.4347826086956521
98,0,0,0.4347826086956521
99,0,0,0.4347826086956521
100,0,0,0.4347826086956521
101,0,0,0.4444444444444444
102,0,0,0.4347826086956521
103,0,0,0.4347826086956521
104,0,0,0.4347826086956521
105,0,0,0.4347826086956521
106,0,0,0.4347826086956521
107,0,0,0.4444444444444444
108,0,0,0.4444444444444444
109,0,0,0.4814814814814814
110,0,0,0.4761904761904761
111,0,0,0.4710144927536231
112,0,0,0.4814814814814814
113,0,0,0.4814814814814814
114,0,0,0.4814814814814814
115,0,0,0.4710144927536231
116,0,0,0.4710144927536231
117,0,0,0.4710144927536231
118,0,0,0.4814814814814814
119,0,0,0.4710144927536231
120,0,0,0.4710144927536231
121,0,0,0.4814814814814814
122,0,0,0.4814814814814814
123,0,0,0.4710144927536231
124,0,0,0.4710144927536231
125,0,0,0.5072463768115942
126,0,0,0.5072463768115942
127,0,0,0.5185185185185185
128,0,0,0.5185185185185185
129,0,0,0.5185185185185185
130,0,0,0.5185185185185185
131,0,0,0.5185185185185185
132,0,0,0.5072463768115942
133,0,0,0.5128205128205128
134,0,0,0.5128205128205128
135,0,0,0.5128205128205128
136,0,0,0.5128205128205128
137,0,0,0.5072463768115942
138,0,0,0.5072463768115942
139,0,0,0.5072463768115942
140,0,0,0.5434782608695652
141,0,0,0.5434782608695652
142,0,0,0.5494505494505495
143,0,0,0.5434782608695652
144,0,0,0.5494505494505495
145,0,0,0.5494505494505495
146,0,0,0.5434782608695652
147,0,0,0.5434782608695652
148,0,0,0.5434782608695652
149,0,0,0.5434782608695652
150,0,0,0.5434782608695652
151,0,0,0.5434782608695652
152,0,0,0.5434782608695652
153,0,0,0.5494505494505495
154,0,0,0.5555555555555556
155,0,0,0.5555555555555556
156,0,0,0.5925925925925926
157,0,0,0.5797101449275363
158,0,0,0.5818181818181818
159,0,0,0.5797101449275363
160,0,0,0.5797101449275363
161,0,0,0.5797101449275363
162,0,0,0.5797101449275363
163,0,0,0.5797101449275363
164,0,0,0.5925925925925926
165,0,0,0.5925925925925926
166,0,0,0.5925925925925926
167,0,0,0.5797101449275363
168,0,0,0.5797101449275363
169,0,0,0.5797101449275363
170,0,0,0.5925925925925926
171,0,0,0.6181818181818182
172,0,0,0.6296296296296297
173,0,0,0.6296296296296297
174,0,0,0.6296296296296297
175,0,0,0.6296296296296297
176,0,0,0.6181818181818182
177,0,0,0.6159420289855072
178,0,0,0.6181818181818182
179,0,0,0.6181818181818182
180,0,0,0.6181818181818182
181,0,0,0.6181818181818182
182,0,0,0.6159420289855072
183,0,0,0.6159420289855072
184,0,0,0.6296296296296297
185,0,0,0.6296296296296297
186,0,0,0.6296296296296297
187,0,0,0.6666666666666666
188,0,0,0.6666666666666666
189,0,0,0.6666666666666666
190,0,0,0.6545454545454545
191,0,0,0.6666666666666666
192,0,0,0.6666666666666666
193,0,0,0.6521739130434783
194,0,0,0.6521739130434783
195,0,0,0.6666666666666666
196,0,0,0.6521739130434783
197,0,0,0.6521739130434783
198,0,0,0.6545454545454545
199,0,0,0.6545454545454545
200,0,0,0.6666666666666666
201,0,0,0.6593406593406593
202,0,0,0.6909090909090909
203,0,0,0.6909090909090909
204,0,0,0.6909090909090909
205,0,0,0.6959706959706959
206,0,0,0.6909090909090909
207,0,0,0.6909090909090909
208,0,0,0.6959706959706959
209,0,0,0.7037037037037037
210,0,0,0.6909090909090909
211,0,0,0.6909090909090909
212,0,0,0.7037037037037037
213,0,0,0.7037037037037037
214,0,0,0.7037037037037037
215,0,0,0.7037037037037037
216,0,0,0.7037037037037037
217,0,0,0.7037037037037037
218,0,0,0.7407407407407407
219,0,0,0.7326007326007326
220,0,0,0.7272727272727273
221,0,0,0.7272727272727273
222,0,0,0.7272727272727273
223,0,0,0.7246376811594203
224,0,0,0.7246376811594203
225,0,0,0.7326007326007326
226,0,0,0.7326007326007326
227,0,0,0.7407407407407407
228,0,0,0.7407407407407407
229,0,0,0.7407407407407407
230,0,0,0.7272727272727273
231,0,0,0.7326007326007326
232,0,0,0.7407407407407407
233,0,0,0.7777777777777778
234,0,0,0.7777777777777778
235,0,0,0.7777777777777778
236,0,0,0.7777777777777778
237,0,0,0.7777777777777778
238,0,0,0.7777777777777778
239,0,0,0.7777777777777778
240,0,0,0.7777777777777778
241,0,0,0.7692307692307693
242,0,0,0.7777777777777778
243,0,0,0.7777777777777778
244,0,0,0.7777777777777778
245,0,0,0.7777777777777778
246,0,0,0.7777777777777778
247,0,0,0.7777777777777778
248,0,0,0.7777777777777778
249,0,0,0.8148148148148148
250,0,0,0.8148148148148148
251,0,0,0.8148148148148148
252,0,0,0.8148148148148148
253,0,0,0.8
254,0,0,0.7971014492753623
255,0,0,0.8058608058608059
256,0,0,0.8058608058608059
257,0,0,0.8058608058608059
258,0,0,0.8058608058608059
259,0,0,0.8058608058608059
260,0,0,0.8148148148148148
261,0,0,0.8
262,0,0,0.8058608058608059
263,0,0,0.8148148148148148
264,0,0,0.8518518518518519
265,0,0,0.8518518518518519
266,0,0,0.8518518518518519
267,0,0,0.8424908424908425
268,0,0,0.8424908424908425
269,0,0,0.8363636363636363
270,0,0,0.8424908424908425
271,0,0,0.8424908424908425
272,0,0,0.8424908424908425
273,0,0,0.8518518518518519
274,0,0,0.8518518518518519
275,0,0,0.8424908424908425
276,0,0,0.8363636363636363
277,0,0,0.8518518518518519
278,0,0,0.8333333333333334
279,0,0,0.8424908424908425
280,0,0,0.8791208791208791
281,0,0,0.8695652173913043
282,0,0,0.8888888888888888
283,0,0,0.8695652173913043
284,0,0,0.8888888888888888
285,0,0,0.8888888888888888
286,0,0,0.8888888888888888
287,0,0,0.8888888888888888
288,0,0,0.8888888888888888
289,0,0,0.8888888888888888
290,0,0,0.8695652173913043
291,0,0,0.8727272727272727
292,0,0,0.8695652173913043
293,0,0,0.8888888888888888
294,0,0,0.8791208791208791
295,0,0,0.9057971014492754
296,0,0,0.9057971014492754
297,0,0,0.925925925925926
298,0,0,0.925925925925926
299,0,0,0.925925925925926
300,0,0,0.925925925925926
301,0,0,0.9090909090909092
302,0,0,0.925925925925926
303,0,0,0.925925925925926
304,0,0,0.925925925925926
305,0,0,0.925925925925926
306,0,0,0.925925925925926
307,0,0,0.925925925925926
308,0,0,0.925925925925926
309,0,0,0.925925925925926
310,0,0,0.9157509157509156
311,0,0,0.9629629629629628
312,0,0,0.9629629629629628
313,0,0,0.9420289855072465
314,0,0,0.9629629629629628
315,0,0,0.9629629629629628
316,0,0,0.9420289855072465
317,0,0,0.9454545454545454
318,0,0,0.9629629629629628
319,0,0,0.9629629629629628
320,0,0,0.9629629629629628
321,0,0,0.9629629629629628
322,0,0,0.9420289855072465
323,0,0,0.9420289855072465
324,0,0,0.9629629629629628
325,0,0,0.9629629629629628
326,0,0,0.9782608695652174
327,0,0,0.9782608695652174
328,0,0,1.0
329,0,0,1.0
330,0,0,1.0
331,0,0,0.989010989010989
332,0,0,0.9782608695652174
333,0,0,0.9782608695652174
334,0,0,1.0
335,0,0,1.0
336,0,0,1.0
337,0,0,1.0
338,0,0,1.0
339,0,0,0.989010989010989
340,0,0,0.989010989010989
341,0,0,1.0
342,0,0,1.037037037037037
343,0,0,1.0256410256410255
344,0,0,1.018181818181818
345,0,0,1.0144927536231885
346,0,0,1.0144927536231885
347,0,0,1.0144927536231885
348,0,0,1.0144927536231885
349,0,0,1.0144927536231885
350,0,0,1.0256410256410255
351,0,0,1.037037037037037
352,0,0,1.037037037037037
353,0,0,1.037037037037037
354,0,0,1.037037037037037
355,0,0,1.037037037037037
356,0,0,1.0256410256410255
357,0,0,1.0545454545454545
358,0,0,1.0507246376811594
359,0,0,1.0507246376811594
360,0,0,1.0507246376811594
361,0,0,1.0507246376811594
362,0,0,1.0507246376811594
363,0,0,1.0545454545454545
364,0,0,1.0545454545454545
365,0,0,1.0740740740740742
366,0,0,1.0545454545454545
367,0,0,1.0740740740740742
368,0,0,1.0740740740740742
369,0,0,1.0507246376811594
370,0,0,1.0545454545454545
371,0,0,1.0622710622710625
372,0,0,1.0507246376811594
373,0,0,1.0909090909090908
374,0,0,1.1111111111111112
375,0,0,1.0909090909090908
376,0,0,1.1111111111111112
377,0,0,1.0909090909090908
378,0,0,1.0869565217391304
379,0,0,1.098901098901099
380,0,0,1.098901098901099
381,0,0,1.0869565217391304
382,0,0,1.098901098901099
383,0,0,1.1111111111111112
384,0,0,1.1111111111111112
385,0,0,1.1111111111111112
386,0,0,1.1111111111111112
387,0,0,1.0909090909090908
388,0,0,1.1355311355311355
389,0,0,1.148148148148148
390,0,0,1.148148148148148
391,0,0,1.1355311355311355
392,0,0,1.148148148148148
393,0,0,1.148148148148148
394,0,0,1.148148148148148
395,0,0,1.148148148148148
396,0,0,1.148148148148148
397,0,0,1.148148148148148
398,0,0,1.148148148148148
399,0,0,1.148148148148148
400,0,0,1.148148148148148
401,0,0,1.148148148148148
402,0,0,1.148148148148148
403,0,0,1.148148148148148
404,0,0,1.1594202898550725
405,0,0,1.1851851851851851
406,0,0,1.1851851851851851
407,0,0,1.1851851851851851
408,0,0,1.1851851851851851
409,0,0,1.1851851851851851
410,0,0,1.1851851851851851
411,0,0,1.1851851851851851
412,0,0,1.1851851851851851
413,0,0,1.1851851851851851
414,0,0,1.1851851851851851
415,0,0,1.1851851851851851
416,0,0,1.1851851851851851
417,0,0,1.1851851851851851
418,0,0,1.1851851851851851
419,0,0,1.2222222222222223
420,0,0,1.2222222222222223
421,0,0,1.2222222222222223
422,0,0,1.2222222222222223
423,0,0,1.2087912087912087
424,0,0,1.2222222222222223
425,0,0,1.2222222222222223
426,0,0,1.2222222222222223
427,0,0,1.2222222222222223
428,0,0,1.2222222222222223
429,0,0,1.2222222222222223
430,0,0,1.2222222222222223
431,0,0,1.2222222222222223
432,0,0,1.2222222222222223
433,0,0,1.2222222222222223
434,0,0,1.2222222222222223
435,0,0,1.2592592592592593
436,0,0,1.2592592592592593
437,0,0,1.2592592592592593
438,0,0,1.2592592592592593
439,0,0,1.2592592592592593
440,0,0,1.2592592592592593
441,0,0,1.2592592592592593
442,0,0,1.2592592592592593
443,0,0,1.2592592592592593
444,0,0,1.2592592592592593
445,0,0,1.2592592592592593
446,0,0,1.2592592592592593
447,0,0,1.2592592592592593
448,0,0,1.2592592592592593
449,0,0,1.2592592592592593
450,0,0,1.2962962962962965
451,0,0,1.2962962962962965
452,0,0,1.2962962962962965
453,0,0,1.2962962962962965
454,0,0,1.2962962962962965
455,0,0,1.2962962962962965
456,0,0,1.2962962962962965
457,0,0,1.2962962962962965
458,0,0,1.2962962962962965
459,0,0,1.2962962962962965
460,0,0,1.2962962962962965
461,0,0,1.2962962962962965
462,0,0,1.2962962962962965
463,0,0,1.2962962962962965
464,0,0,1.2962962962962965
465,0,0,1.3333333333333333
466,0,0,1.3333333333333333
467,0,0,1.3333333333333333
468,0,0,1.3333333333333333
469,0,0,1.3333333333333333
470,0,0,1.3333333333333333
471,0,0,1.3333333333333333
472,0,0,1.3333333333333333
473,0,0,1.3186813186813189
474,0,0,1.3186813186813189
475,0,0,1.3333333333333333
476,0,0,1.309090909090909
477,0,0,1.3333333333333333
478,0,0,1.3333333333333333
479,0,0,1.3333333333333333
480,0,0,1.3333333333333333
481,0,0,1.3405797101449275
482,0,0,1.3703703703703705
483,0,0,1.3703703703703705
484,0,0,1.3454545454545457
485,0,0,1.3454545454545457
486,0,0,1.3703703703703705
487,0,0,1.3553113553113554
488,0,0,1.3454545454545457
489,0,0,1.3703703703703705
490,0,0,1.3703703703703705
491,0,0,1.3703703703703705
492,0,0,1.3703703703703705
493,0,0,1.3703703703703705
494,0,0,1.3703703703703705
495,0,0,1.3703703703703705
496,0,0,1.4074074074074074
497,0,0,1.4074074074074074
498,0,0,1.4074074074074074
499,0,0,1.4074074074074074
