id,run_id,index,timeToInform95PercentAgents
0,0,0,3.200000000000003
1,0,0,3.200000000000003
2,0,0,3.200000000000003
3,0,0,3.200000000000003
4,0,0,4.0
5,0,0,4.0
6,0,0,4.0
7,0,0,3.200000000000003
8,0,0,4.0
9,0,0,3.200000000000003
10,0,0,3.200000000000003
11,0,0,5.200000000000003
12,0,0,2.0
13,0,0,3.200000000000003
14,0,0,3.200000000000003
15,0,0,3.200000000000003
16,0,0,2.0
17,0,0,3.200000000000003
18,0,0,4.0
19,0,0,3.200000000000003
20,0,0,3.200000000000003
21,0,0,3.200000000000003
22,0,0,4.0
23,0,0,3.200000000000003
24,0,0,3.200000000000003
25,0,0,4.0
26,0,0,3.200000000000003
27,0,0,4.0
28,0,0,3.200000000000003
29,0,0,3.200000000000003
30,0,0,3.200000000000003
31,0,0,3.200000000000003
32,0,0,3.200000000000003
33,0,0,2.0
34,0,0,4.0
35,0,0,3.200000000000003
36,0,0,2.0
37,0,0,3.200000000000003
38,0,0,3.200000000000003
39,0,0,2.0
40,0,0,2.0
41,0,0,3.200000000000003
42,0,0,3.200000000000003
43,0,0,3.200000000000003
44,0,0,4.0
45,0,0,3.200000000000003
46,0,0,3.200000000000003
47,0,0,3.200000000000003
48,0,0,2.0
49,0,0,3.200000000000003
50,0,0,4.0
51,0,0,3.200000000000003
52,0,0,3.200000000000003
53,0,0,3.200000000000003
54,0,0,3.200000000000003
55,0,0,3.200000000000003
56,0,0,3.200000000000003
57,0,0,3.200000000000003
58,0,0,3.200000000000003
59,0,0,3.200000000000003
60,0,0,2.0
61,0,0,3.200000000000003
62,0,0,3.200000000000003
63,0,0,3.200000000000003
64,0,0,3.200000000000003
65,0,0,3.200000000000003
66,0,0,3.200000000000003
67,0,0,2.0
68,0,0,4.0
69,0,0,2.0
70,0,0,3.200000000000003
71,0,0,3.200000000000003
72,0,0,3.200000000000003
73,0,0,3.200000000000003
74,0,0,3.200000000000003
75,0,0,4.0
76,0,0,3.200000000000003
77,0,0,3.200000000000003
78,0,0,3.200000000000003
79,0,0,3.200000000000003
80,0,0,3.200000000000003
81,0,0,3.200000000000003
82,0,0,3.200000000000003
83,0,0,3.200000000000003
84,0,0,3.200000000000003
85,0,0,3.200000000000003
86,0,0,3.200000000000003
87,0,0,3.200000000000003
88,0,0,3.200000000000003
89,0,0,3.200000000000003
90,0,0,3.200000000000003
91,0,0,2.0
92,0,0,3.200000000000003
93,0,0,3.200000000000003
94,0,0,3.200000000000003
95,0,0,3.200000000000003
96,0,0,3.200000000000003
97,0,0,3.200000000000003
98,0,0,3.200000000000003
99,0,0,3.200000000000003
100,0,0,3.200000000000003
101,0,0,3.200000000000003
102,0,0,3.200000000000003
103,0,0,3.200000000000003
104,0,0,3.200000000000003
105,0,0,3.200000000000003
106,0,0,3.200000000000003
107,0,0,3.200000000000003
108,0,0,3.200000000000003
109,0,0,3.200000000000003
110,0,0,3.200000000000003
111,0,0,3.200000000000003
112,0,0,3.200000000000003
113,0,0,3.200000000000003
114,0,0,3.200000000000003
115,0,0,3.200000000000003
116,0,0,3.200000000000003
117,0,0,3.200000000000003
118,0,0,2.0
119,0,0,3.200000000000003
120,0,0,3.200000000000003
121,0,0,3.200000000000003
122,0,0,3.200000000000003
123,0,0,3.200000000000003
124,0,0,2.0
125,0,0,3.200000000000003
126,0,0,3.200000000000003
127,0,0,3.200000000000003
128,0,0,3.200000000000003
129,0,0,3.200000000000003
130,0,0,3.200000000000003
131,0,0,3.200000000000003
132,0,0,3.200000000000003
133,0,0,3.200000000000003
134,0,0,3.200000000000003
135,0,0,3.200000000000003
136,0,0,3.200000000000003
137,0,0,2.0
138,0,0,3.200000000000003
139,0,0,3.200000000000003
140,0,0,3.200000000000003
141,0,0,3.200000000000003
142,0,0,2.0
143,0,0,3.200000000000003
144,0,0,3.200000000000003
145,0,0,3.200000000000003
146,0,0,3.200000000000003
147,0,0,2.0
148,0,0,3.200000000000003
149,0,0,3.200000000000003
150,0,0,2.0
151,0,0,3.200000000000003
152,0,0,2.0
153,0,0,3.200000000000003
154,0,0,3.200000000000003
155,0,0,3.200000000000003
156,0,0,3.200000000000003
157,0,0,3.200000000000003
158,0,0,3.200000000000003
159,0,0,3.200000000000003
160,0,0,3.200000000000003
161,0,0,3.200000000000003
162,0,0,3.200000000000003
163,0,0,3.200000000000003
164,0,0,3.200000000000003
165,0,0,3.200000000000003
166,0,0,3.200000000000003
167,0,0,3.200000000000003
168,0,0,2.0
169,0,0,3.200000000000003
170,0,0,3.200000000000003
171,0,0,3.200000000000003
172,0,0,2.0
173,0,0,3.200000000000003
174,0,0,3.200000000000003
175,0,0,3.200000000000003
176,0,0,3.200000000000003
177,0,0,3.200000000000003
178,0,0,3.200000000000003
179,0,0,3.200000000000003
180,0,0,2.0
181,0,0,3.200000000000003
182,0,0,3.200000000000003
183,0,0,3.200000000000003
184,0,0,3.200000000000003
185,0,0,3.200000000000003
186,0,0,3.200000000000003
187,0,0,3.200000000000003
188,0,0,3.200000000000003
189,0,0,3.200000000000003
190,0,0,3.200000000000003
191,0,0,2.0
192,0,0,3.200000000000003
193,0,0,2.0
194,0,0,2.0
195,0,0,3.200000000000003
196,0,0,3.200000000000003
197,0,0,4.0
198,0,0,2.0
199,0,0,3.200000000000003
200,0,0,3.200000000000003
201,0,0,2.0
202,0,0,3.200000000000003
203,0,0,3.200000000000003
204,0,0,3.200000000000003
205,0,0,3.200000000000003
206,0,0,3.200000000000003
207,0,0,3.200000000000003
208,0,0,3.200000000000003
209,0,0,2.0
210,0,0,3.200000000000003
211,0,0,3.200000000000003
212,0,0,3.200000000000003
213,0,0,2.0
214,0,0,3.200000000000003
215,0,0,2.0
216,0,0,3.200000000000003
217,0,0,3.200000000000003
218,0,0,3.200000000000003
219,0,0,2.0
220,0,0,3.200000000000003
221,0,0,2.0
222,0,0,2.0
223,0,0,3.200000000000003
224,0,0,3.200000000000003
225,0,0,3.200000000000003
226,0,0,2.0
227,0,0,2.0
228,0,0,3.200000000000003
229,0,0,3.200000000000003
230,0,0,3.200000000000003
231,0,0,3.200000000000003
232,0,0,3.200000000000003
233,0,0,3.200000000000003
234,0,0,2.0
235,0,0,2.0
236,0,0,3.200000000000003
237,0,0,3.200000000000003
238,0,0,2.0
239,0,0,2.0
240,0,0,2.0
241,0,0,3.200000000000003
242,0,0,2.0
243,0,0,2.0
244,0,0,2.0
245,0,0,2.0
246,0,0,3.200000000000003
247,0,0,3.200000000000003
248,0,0,3.200000000000003
249,0,0,2.0
250,0,0,2.0
251,0,0,2.0
252,0,0,3.200000000000003
253,0,0,3.200000000000003
254,0,0,3.200000000000003
255,0,0,3.200000000000003
256,0,0,3.200000000000003
257,0,0,3.200000000000003
258,0,0,3.200000000000003
259,0,0,2.0
260,0,0,2.0
261,0,0,3.200000000000003
262,0,0,3.200000000000003
263,0,0,3.200000000000003
264,0,0,3.200000000000003
265,0,0,3.200000000000003
266,0,0,3.200000000000003
267,0,0,3.200000000000003
268,0,0,3.200000000000003
269,0,0,3.200000000000003
270,0,0,3.200000000000003
271,0,0,3.200000000000003
272,0,0,3.200000000000003
273,0,0,3.200000000000003
274,0,0,2.0
275,0,0,3.200000000000003
276,0,0,3.200000000000003
277,0,0,3.200000000000003
278,0,0,3.200000000000003
279,0,0,3.200000000000003
280,0,0,3.200000000000003
281,0,0,2.0
282,0,0,3.200000000000003
283,0,0,3.200000000000003
284,0,0,2.0
285,0,0,3.200000000000003
286,0,0,3.200000000000003
287,0,0,2.0
288,0,0,3.200000000000003
289,0,0,2.0
290,0,0,3.200000000000003
291,0,0,3.200000000000003
292,0,0,3.200000000000003
293,0,0,3.200000000000003
294,0,0,3.200000000000003
295,0,0,3.200000000000003
296,0,0,3.200000000000003
297,0,0,3.200000000000003
298,0,0,3.200000000000003
299,0,0,2.0
300,0,0,2.0
301,0,0,3.200000000000003
302,0,0,3.200000000000003
303,0,0,3.200000000000003
304,0,0,2.0
305,0,0,3.200000000000003
306,0,0,3.200000000000003
307,0,0,3.200000000000003
308,0,0,3.200000000000003
309,0,0,3.200000000000003
310,0,0,3.200000000000003
311,0,0,2.0
312,0,0,3.200000000000003
313,0,0,2.0
314,0,0,2.0
315,0,0,3.200000000000003
316,0,0,2.0
317,0,0,3.200000000000003
318,0,0,2.0
319,0,0,3.200000000000003
320,0,0,3.200000000000003
321,0,0,2.0
322,0,0,3.200000000000003
323,0,0,3.200000000000003
324,0,0,3.200000000000003
325,0,0,3.200000000000003
326,0,0,3.200000000000003
327,0,0,3.200000000000003
328,0,0,2.0
329,0,0,3.200000000000003
330,0,0,3.200000000000003
331,0,0,3.200000000000003
332,0,0,3.200000000000003
333,0,0,3.200000000000003
334,0,0,2.0
335,0,0,3.200000000000003
336,0,0,2.0
337,0,0,3.200000000000003
338,0,0,3.200000000000003
339,0,0,3.200000000000003
340,0,0,3.200000000000003
341,0,0,3.200000000000003
342,0,0,3.200000000000003
343,0,0,3.200000000000003
344,0,0,3.200000000000003
345,0,0,3.200000000000003
346,0,0,2.0
347,0,0,2.0
348,0,0,2.0
349,0,0,2.0
350,0,0,2.0
351,0,0,3.200000000000003
352,0,0,2.0
353,0,0,2.0
354,0,0,2.0
355,0,0,3.200000000000003
356,0,0,3.200000000000003
357,0,0,2.0
358,0,0,3.200000000000003
359,0,0,3.200000000000003
360,0,0,3.200000000000003
361,0,0,2.0
362,0,0,3.200000000000003
363,0,0,3.200000000000003
364,0,0,3.200000000000003
365,0,0,3.200000000000003
366,0,0,2.0
367,0,0,3.200000000000003
368,0,0,3.200000000000003
369,0,0,2.0
370,0,0,3.200000000000003
371,0,0,3.200000000000003
372,0,0,3.200000000000003
373,0,0,3.200000000000003
374,0,0,3.200000000000003
375,0,0,3.200000000000003
376,0,0,3.200000000000003
377,0,0,3.200000000000003
378,0,0,3.200000000000003
379,0,0,3.200000000000003
380,0,0,3.200000000000003
381,0,0,2.0
382,0,0,3.200000000000003
383,0,0,3.200000000000003
384,0,0,3.200000000000003
385,0,0,3.200000000000003
386,0,0,2.0
387,0,0,3.200000000000003
388,0,0,2.0
389,0,0,2.0
390,0,0,3.200000000000003
391,0,0,2.0
392,0,0,2.0
393,0,0,2.0
394,0,0,2.0
395,0,0,3.200000000000003
396,0,0,3.200000000000003
397,0,0,2.0
398,0,0,3.200000000000003
399,0,0,2.0
400,0,0,3.200000000000003
401,0,0,3.200000000000003
402,0,0,3.200000000000003
403,0,0,3.200000000000003
404,0,0,3.200000000000003
405,0,0,2.0
406,0,0,3.200000000000003
407,0,0,2.0
408,0,0,2.0
409,0,0,3.200000000000003
410,0,0,2.0
411,0,0,2.0
412,0,0,3.200000000000003
413,0,0,3.200000000000003
414,0,0,3.200000000000003
415,0,0,3.200000000000003
416,0,0,3.200000000000003
417,0,0,2.0
418,0,0,3.200000000000003
419,0,0,3.200000000000003
420,0,0,3.200000000000003
421,0,0,3.200000000000003
422,0,0,3.200000000000003
423,0,0,2.0
424,0,0,3.200000000000003
425,0,0,3.200000000000003
426,0,0,3.200000000000003
427,0,0,3.200000000000003
428,0,0,3.200000000000003
429,0,0,3.200000000000003
430,0,0,2.0
431,0,0,3.200000000000003
432,0,0,3.200000000000003
433,0,0,2.0
434,0,0,2.0
435,0,0,2.0
436,0,0,3.200000000000003
437,0,0,3.200000000000003
438,0,0,2.0
439,0,0,2.0
440,0,0,2.0
441,0,0,3.200000000000003
442,0,0,3.200000000000003
443,0,0,3.200000000000003
444,0,0,2.0
445,0,0,3.200000000000003
446,0,0,2.0
447,0,0,2.0
448,0,0,2.0
449,0,0,2.0
450,0,0,3.200000000000003
451,0,0,2.0
452,0,0,3.200000000000003
453,0,0,2.0
454,0,0,3.200000000000003
455,0,0,3.200000000000003
456,0,0,2.0
457,0,0,2.0
458,0,0,2.0
459,0,0,2.0
460,0,0,2.0
461,0,0,3.200000000000003
462,0,0,2.0
463,0,0,3.200000000000003
464,0,0,2.0
465,0,0,2.0
466,0,0,3.200000000000003
467,0,0,3.200000000000003
468,0,0,3.200000000000003
469,0,0,3.200000000000003
470,0,0,3.200000000000003
471,0,0,3.200000000000003
472,0,0,2.0
473,0,0,3.200000000000003
474,0,0,2.0
475,0,0,2.0
476,0,0,3.200000000000003
477,0,0,3.200000000000003
478,0,0,3.200000000000003
479,0,0,3.200000000000003
480,0,0,2.0
481,0,0,3.200000000000003
482,0,0,2.0
483,0,0,2.0
484,0,0,3.200000000000003
485,0,0,2.0
486,0,0,2.0
487,0,0,2.0
488,0,0,3.200000000000003
489,0,0,3.200000000000003
490,0,0,3.200000000000003
491,0,0,2.0
492,0,0,3.200000000000003
493,0,0,3.200000000000003
494,0,0,2.0
495,0,0,2.0
496,0,0,2.0
497,0,0,3.200000000000003
498,0,0,2.0
499,0,0,3.200000000000003
