id,run_id,index,timeToInform95PercentAgents
0,0,0,inf
1,0,0,inf
2,0,0,9.200000000000005
3,0,0,10.0
4,0,0,inf
5,0,0,inf
6,0,0,inf
7,0,0,inf
8,0,0,inf
9,0,0,inf
10,0,0,5.200000000000003
11,0,0,5.200000000000003
12,0,0,4.0
13,0,0,inf
14,0,0,5.200000000000003
15,0,0,inf
16,0,0,inf
17,0,0,6.0
18,0,0,6.0
19,0,0,9.200000000000005
20,0,0,inf
21,0,0,inf
22,0,0,inf
23,0,0,inf
24,0,0,inf
25,0,0,inf
26,0,0,8.0
27,0,0,7.200000000000003
28,0,0,5.200000000000003
29,0,0,inf
30,0,0,inf
31,0,0,inf
32,0,0,inf
33,0,0,7.200000000000003
34,0,0,7.200000000000003
35,0,0,7.200000000000003
36,0,0,7.200000000000003
37,0,0,4.0
38,0,0,4.0
39,0,0,5.200000000000003
40,0,0,4.0
41,0,0,4.0
42,0,0,4.0
43,0,0,9.200000000000005
44,0,0,inf
45,0,0,inf
46,0,0,inf
47,0,0,inf
48,0,0,4.0
49,0,0,4.0
50,0,0,5.200000000000003
51,0,0,5.200000000000003
52,0,0,inf
53,0,0,10.0
54,0,0,6.0
55,0,0,6.0
56,0,0,9.200000000000005
57,0,0,9.200000000000005
58,0,0,4.0
59,0,0,8.0
60,0,0,8.0
61,0,0,9.200000000000005
62,0,0,9.200000000000005
63,0,0,7.200000000000003
64,0,0,9.200000000000005
65,0,0,9.200000000000005
66,0,0,9.200000000000005
67,0,0,9.200000000000005
68,0,0,10.0
69,0,0,inf
70,0,0,5.200000000000003
71,0,0,inf
72,0,0,inf
73,0,0,6.0
74,0,0,inf
75,0,0,10.0
76,0,0,inf
77,0,0,inf
78,0,0,inf
79,0,0,7.200000000000003
80,0,0,4.0
81,0,0,4.0
82,0,0,5.200000000000003
83,0,0,5.200000000000003
84,0,0,4.0
85,0,0,inf
86,0,0,inf
87,0,0,inf
88,0,0,inf
89,0,0,inf
90,0,0,inf
91,0,0,7.200000000000003
92,0,0,8.0
93,0,0,inf
94,0,0,10.0
95,0,0,7.200000000000003
96,0,0,inf
97,0,0,inf
98,0,0,9.200000000000005
99,0,0,9.200000000000005
100,0,0,9.200000000000005
101,0,0,4.0
102,0,0,inf
103,0,0,inf
104,0,0,inf
105,0,0,8.0
106,0,0,8.0
107,0,0,4.0
108,0,0,4.0
109,0,0,4.0
110,0,0,5.200000000000003
111,0,0,9.200000000000005
112,0,0,4.0
113,0,0,4.0
114,0,0,4.0
115,0,0,10.0
116,0,0,9.200000000000005
117,0,0,10.0
118,0,0,4.0
119,0,0,8.0
120,0,0,8.0
121,0,0,4.0
122,0,0,4.0
123,0,0,inf
124,0,0,inf
125,0,0,inf
126,0,0,9.200000000000005
127,0,0,4.0
128,0,0,4.0
129,0,0,4.0
130,0,0,4.0
131,0,0,4.0
132,0,0,9.200000000000005
133,0,0,5.200000000000003
134,0,0,5.200000000000003
135,0,0,5.200000000000003
136,0,0,5.200000000000003
137,0,0,inf
138,0,0,inf
139,0,0,8.0
140,0,0,10.0
141,0,0,7.200000000000003
142,0,0,5.200000000000003
143,0,0,9.200000000000005
144,0,0,5.200000000000003
145,0,0,5.200000000000003
146,0,0,inf
147,0,0,inf
148,0,0,inf
149,0,0,inf
150,0,0,inf
151,0,0,inf
152,0,0,9.200000000000005
153,0,0,5.200000000000003
154,0,0,4.0
155,0,0,4.0
156,0,0,4.0
157,0,0,8.0
158,0,0,6.0
159,0,0,inf
160,0,0,inf
161,0,0,8.0
162,0,0,inf
163,0,0,inf
164,0,0,4.0
165,0,0,4.0
166,0,0,4.0
167,0,0,inf
168,0,0,7.200000000000003
169,0,0,9.200000000000005
170,0,0,4.0
171,0,0,6.0
172,0,0,4.0
173,0,0,4.0
174,0,0,4.0
175,0,0,4.0
176,0,0,6.0
177,0,0,7.200000000000003
178,0,0,6.0
179,0,0,6.0
180,0,0,6.0
181,0,0,6.0
182,0,0,7.200000000000003
183,0,0,7.200000000000003
184,0,0,4.0
185,0,0,4.0
186,0,0,4.0
187,0,0,4.0
188,0,0,4.0
189,0,0,4.0
190,0,0,6.0
191,0,0,4.0
192,0,0,4.0
193,0,0,inf
194,0,0,inf
195,0,0,4.0
196,0,0,8.0
197,0,0,8.0
198,0,0,6.0
199,0,0,6.0
200,0,0,4.0
201,0,0,5.200000000000003
202,0,0,6.0
203,0,0,6.0
204,0,0,6.0
205,0,0,5.200000000000003
206,0,0,6.0
207,0,0,6.0
208,0,0,5.200000000000003
209,0,0,4.0
210,0,0,6.0
211,0,0,6.0
212,0,0,4.0
213,0,0,4.0
214,0,0,4.0
215,0,0,4.0
216,0,0,4.0
217,0,0,4.0
218,0,0,4.0
219,0,0,5.200000000000003
220,0,0,6.0
221,0,0,6.0
222,0,0,6.0
223,0,0,7.200000000000003
224,0,0,8.0
225,0,0,5.200000000000003
226,0,0,5.200000000000003
227,0,0,4.0
228,0,0,4.0
229,0,0,4.0
230,0,0,6.0
231,0,0,5.200000000000003
232,0,0,4.0
233,0,0,4.0
234,0,0,4.0
235,0,0,4.0
236,0,0,4.0
237,0,0,4.0
238,0,0,4.0
239,0,0,4.0
240,0,0,4.0
241,0,0,5.200000000000003
242,0,0,4.0
243,0,0,4.0
244,0,0,4.0
245,0,0,4.0
246,0,0,4.0
247,0,0,4.0
248,0,0,4.0
249,0,0,4.0
250,0,0,4.0
251,0,0,4.0
252,0,0,4.0
253,0,0,6.0
254,0,0,7.200000000000003
255,0,0,5.200000000000003
256,0,0,5.200000000000003
257,0,0,5.200000000000003
258,0,0,5.200000000000003
259,0,0,5.200000000000003
260,0,0,4.0
261,0,0,6.0
262,0,0,5.200000000000003
263,0,0,4.0
264,0,0,4.0
265,0,0,4.0
266,0,0,4.0
267,0,0,5.200000000000003
268,0,0,5.200000000000003
269,0,0,6.0
270,0,0,5.200000000000003
271,0,0,5.200000000000003
272,0,0,5.200000000000003
273,0,0,4.0
274,0,0,4.0
275,0,0,5.200000000000003
276,0,0,6.0
277,0,0,4.0
278,0,0,7.200000000000003
279,0,0,5.200000000000003
280,0,0,5.200000000000003
281,0,0,8.0
282,0,0,4.0
283,0,0,10.0
284,0,0,4.0
285,0,0,4.0
286,0,0,4.0
287,0,0,4.0
288,0,0,4.0
289,0,0,4.0
290,0,0,7.200000000000003
291,0,0,6.0
292,0,0,7.200000000000003
293,0,0,4.0
294,0,0,5.200000000000003
295,0,0,8.0
296,0,0,8.0
297,0,0,4.0
298,0,0,4.0
299,0,0,4.0
300,0,0,4.0
301,0,0,6.0
302,0,0,4.0
303,0,0,4.0
304,0,0,4.0
305,0,0,4.0
306,0,0,4.0
307,0,0,4.0
308,0,0,4.0
309,0,0,4.0
310,0,0,5.200000000000003
311,0,0,4.0
312,0,0,4.0
313,0,0,inf
314,0,0,4.0
315,0,0,4.0
316,0,0,7.200000000000003
317,0,0,6.0
318,0,0,4.0
319,0,0,4.0
320,0,0,4.0
321,0,0,4.0
322,0,0,9.200000000000005
323,0,0,8.0
324,0,0,4.0
325,0,0,4.0
326,0,0,inf
327,0,0,inf
328,0,0,4.0
329,0,0,4.0
330,0,0,4.0
331,0,0,5.200000000000003
332,0,0,9.200000000000005
333,0,0,7.200000000000003
334,0,0,4.0
335,0,0,4.0
336,0,0,4.0
337,0,0,4.0
338,0,0,4.0
339,0,0,5.200000000000003
340,0,0,5.200000000000003
341,0,0,4.0
342,0,0,4.0
343,0,0,5.200000000000003
344,0,0,6.0
345,0,0,9.200000000000005
346,0,0,9.200000000000005
347,0,0,8.0
348,0,0,7.200000000000003
349,0,0,7.200000000000003
350,0,0,5.200000000000003
351,0,0,4.0
352,0,0,4.0
353,0,0,4.0
354,0,0,4.0
355,0,0,4.0
356,0,0,5.200000000000003
357,0,0,6.0
358,0,0,8.0
359,0,0,8.0
360,0,0,9.200000000000005
361,0,0,7.200000000000003
362,0,0,7.200000000000003
363,0,0,6.0
364,0,0,6.0
365,0,0,4.0
366,0,0,6.0
367,0,0,4.0
368,0,0,4.0
369,0,0,7.200000000000003
370,0,0,6.0
371,0,0,5.200000000000003
372,0,0,7.200000000000003
373,0,0,6.0
374,0,0,4.0
375,0,0,6.0
376,0,0,4.0
377,0,0,6.0
378,0,0,7.200000000000003
379,0,0,5.200000000000003
380,0,0,5.200000000000003
381,0,0,7.200000000000003
382,0,0,5.200000000000003
383,0,0,4.0
384,0,0,4.0
385,0,0,4.0
386,0,0,4.0
387,0,0,6.0
388,0,0,5.200000000000003
389,0,0,4.0
390,0,0,4.0
391,0,0,5.200000000000003
392,0,0,4.0
393,0,0,4.0
394,0,0,4.0
395,0,0,4.0
396,0,0,4.0
397,0,0,4.0
398,0,0,4.0
399,0,0,4.0
400,0,0,4.0
401,0,0,4.0
402,0,0,4.0
403,0,0,4.0
404,0,0,9.200000000000005
405,0,0,4.0
406,0,0,4.0
407,0,0,4.0
408,0,0,4.0
409,0,0,4.0
410,0,0,4.0
411,0,0,4.0
412,0,0,4.0
413,0,0,4.0
414,0,0,4.0
415,0,0,4.0
416,0,0,4.0
417,0,0,4.0
418,0,0,4.0
419,0,0,4.0
420,0,0,4.0
421,0,0,4.0
422,0,0,4.0
423,0,0,5.200000000000003
424,0,0,4.0
425,0,0,4.0
426,0,0,4.0
427,0,0,4.0
428,0,0,4.0
429,0,0,4.0
430,0,0,4.0
431,0,0,4.0
432,0,0,4.0
433,0,0,4.0
434,0,0,4.0
435,0,0,4.0
436,0,0,4.0
437,0,0,4.0
438,0,0,4.0
439,0,0,4.0
440,0,0,4.0
441,0,0,4.0
442,0,0,4.0
443,0,0,4.0
444,0,0,4.0
445,0,0,4.0
446,0,0,4.0
447,0,0,4.0
448,0,0,4.0
449,0,0,4.0
450,0,0,4.0
451,0,0,4.0
452,0,0,4.0
453,0,0,4.0
454,0,0,4.0
455,0,0,4.0
456,0,0,4.0
457,0,0,4.0
458,0,0,4.0
459,0,0,4.0
460,0,0,4.0
461,0,0,4.0
462,0,0,4.0
463,0,0,4.0
464,0,0,4.0
465,0,0,4.0
466,0,0,4.0
467,0,0,4.0
468,0,0,4.0
469,0,0,4.0
470,0,0,4.0
471,0,0,4.0
472,0,0,4.0
473,0,0,5.200000000000003
474,0,0,5.200000000000003
475,0,0,4.0
476,0,0,6.0
477,0,0,4.0
478,0,0,4.0
479,0,0,4.0
480,0,0,4.0
481,0,0,7.200000000000003
482,0,0,4.0
483,0,0,4.0
484,0,0,6.0
485,0,0,6.0
486,0,0,4.0
487,0,0,5.200000000000003
488,0,0,6.0
489,0,0,4.0
490,0,0,4.0
491,0,0,4.0
492,0,0,4.0
493,0,0,4.0
494,0,0,4.0
495,0,0,4.0
496,0,0,4.0
497,0,0,4.0
498,0,0,4.0
499,0,0,4.0
